4.4097
3.67092
3.4402
3.31116
3.63596
3.60139
3.78459
3.8199
4.01034
4.06868
4.17658
4.12838
4.19405
4.37547
4.39673
4.45239
4.49412
4.49993
4.51056
4.43833
4.46448
4.51652
4.53203
4.55006
4.54805
4.48995
4.48669
4.43401
4.50164
4.49859
4.50683
4.56078
4.58163
4.66141
4.65387
4.68393
4.66434
4.6646
4.61034
4.60403
4.56573
4.55547
4.5511
4.4706
4.49309
4.46557
4.43814
4.43976
4.42047
4.48471
4.46999
4.42253
4.41041
4.38264
4.3411
4.40102
4.3816
4.43634
4.33857
4.35858
4.33792
4.33604
4.35412
4.32931
4.31541
4.31835
4.3225
4.32728
4.30644
4.33802
4.34192
4.37936
4.32616
4.27091
4.25732
4.26296
4.22901
4.25774
4.2668
4.2497
4.21092
4.24649
4.24817
4.25958
4.26352
4.29755
4.31488
4.31219
4.29653
4.22917
4.24574
4.23951
4.25921
4.20518
4.21438
4.21445
4.22662
4.18506
4.23766
4.20798
4.22033
4.22226
4.22314
4.29892
4.27137
4.26374
4.29522
4.2621
4.25493
4.25452
4.26419
4.17246
4.1963
4.19913
4.19393
4.16252
4.15353
4.10689
4.16473
4.2032
4.16149
4.18246
4.1704
4.23038
4.21541
4.20013
4.14459
4.19514
4.15668
4.17373
4.16158
4.18591
4.2201
4.19605
4.19594
4.18969
4.19858
4.19384
4.17841
4.118
4.15963
4.1861
4.17475
4.13606
4.19253
4.17128
4.19328
4.23027
4.20866
4.1758
4.22657
4.20069
4.2103
4.1925
4.20681
4.22701
4.26316
4.25186
4.23492
4.22216
4.22122
4.20718
4.16273
4.18309
4.1839
4.18984
4.19365
4.20178
4.22083
4.2883
4.26466
4.29751
4.2905
4.27767
4.27612
4.27831
4.23573
4.24186
4.25219
4.25524
4.25069
4.22747
4.27875
4.29494
4.30703
4.27044
4.32384
4.34345
4.40053
4.40662
4.39462
4.39746
4.46051
4.41087
4.42516
4.4547
4.44846
4.39536
4.38127
4.37488
4.35682
4.37209
4.3723
4.43029
4.40863
4.41888
4.45062
4.43718
4.44213
4.48005
4.42691
4.4831
4.43002
4.4173
4.40039
4.41879
4.37454
4.3585
4.33326
4.32488
4.31243
4.30451
4.26566
4.31488
4.30829
4.27994
4.27643
4.28005
4.31289
4.30453
4.32459
4.30628
4.30581
4.28672
4.24453
4.26551
4.26704
4.2743
4.27277
4.28139
4.33434
4.31406
4.32793
4.34638
4.35791
4.32901
4.33085
4.34658
4.30992
4.31391
4.36739
4.37079
4.34145
4.36299
4.31692
4.3096
4.33524
4.3307
4.33265
4.35251
4.35972
4.32147
4.3157
4.28084
4.36708
4.35249
4.30553
4.305
4.35406
4.30826
4.31908
4.30877
4.30609
4.31621
4.26411
4.3139
4.30685
4.25365
4.32195
4.32356
4.31459
4.26269
4.3439
4.31797
4.33276
4.35408
4.33079
4.37803
4.31851
4.31438
4.24685
4.33041
4.3361
4.40034
4.33059
4.39062
4.4464
4.39478
4.29512
4.4131
4.40114
4.44394
4.36964
4.37466
4.42221
4.37831
4.39519
4.44526
4.43762
4.43618
4.39276
4.45123
4.4255
4.41779
4.45049
4.4484
4.40404
4.44173
4.48815
4.47897
4.5433
4.50143
4.49955
4.48488
4.48443
4.44159
4.434
4.50712
4.54488
4.5063
4.51384
4.50914
4.52455
4.53907
4.56184
4.60431
4.6174
4.61439
4.61093
4.60357
4.60921
4.61805
4.63335
4.60336
4.61938
4.61314
4.63369
4.60943
4.62529
4.63215
4.64353
4.62096
4.66132
4.63369
4.73729
4.71443
4.73463
4.72868
4.75712
4.72162
4.69287
4.68852
4.73956
4.71309
4.68968
4.69793
4.69282
4.65091
4.65214
4.66618
4.65545
4.70084
4.69873
4.75635
4.69924
4.78197
4.78325
4.8034
4.74948
4.77975
4.73326
4.80687
4.78897
4.82789
4.71691
4.75305
4.74565
4.73918
4.74281
4.76868
4.7469
4.73612
4.75558
4.72676
4.74381
4.69154
4.68439
4.6908
4.7159
4.66871
4.72686
4.7108
4.66346
4.7183
4.76457
4.70118
4.73663
4.67333
4.77708
4.7576
4.76961
4.78512
4.75993
4.72028
4.80869
4.78554
4.80284
4.76007
4.77666
4.74008
4.71758
4.73344
4.75817
4.74836
4.80228
4.87325
4.87477
4.8851
4.89923
4.96479
4.96846
4.88304
4.98244
4.93903
4.97933
4.976
4.93675
5.03324
4.98105
4.9855
4.97642
4.97651
5.00033
5.05298
4.9708
4.99899
5.00554
5.05571
5.05001
5.01808
5.12928
5.04907
5.02408
5.06902
4.95037
4.97374
4.95993
4.99307
4.91962
4.95725
4.93639
4.93656
4.93088
4.89313
4.87049
4.85562
4.86095
4.88422
4.87839
4.87848
4.8754
4.83714
4.83585
4.76976
4.82487
4.78032
4.70308
4.72216
4.7169
4.77026
4.72669
4.72503
4.70451
4.71489
4.70958
4.6664
4.70829
4.69889
4.73056
4.6101
4.61316
4.67578
4.61081
4.65518
4.62898
4.62681
4.71636
4.61408
4.66169
4.63396
4.68252
4.67244
4.63043
4.72174
4.69987
4.72781
4.78823
4.72185
4.71213
4.7141
4.73164
4.74647
4.73331
4.73242
4.73992
4.75098
4.76969
4.78791
4.79149
4.80724
4.80009
4.78428
4.75856
4.74927
4.77167
4.78706
4.74189
4.70909
4.64181
4.66896
4.66911
4.61496
4.66351
4.60095
4.60695
4.5561
4.53993
4.51784
4.51764
4.50306
4.48407
4.47611
4.48948
4.41875
4.43769
4.35557
4.27415
4.28206
4.28305
4.26694
4.27582
4.23291
4.33043
4.28714
4.28235
4.21151
4.13158
4.20282
4.17145
4.16657
4.16517
4.16497
4.16778
4.17345
4.16565
4.15943
4.19501
4.23605
4.26766
4.26042
4.21407
4.26728
4.25908
4.24881
4.27423
4.28611
4.30301
4.26618
4.24215
4.23467
4.23514
4.26839
4.20106
4.15637
4.15867
4.25015
4.26306
4.23939
4.25353
4.24281
4.18308
4.17344
4.13206
4.15568
4.11564
4.15968
4.16471
4.13191
4.08875
4.13267
4.1698
4.10829
4.13599
4.16144
4.1426
4.14275
4.14272
4.14081
4.09844
4.16593
4.18788
4.11999
4.13394
4.1848
4.16952
4.08293
4.13458
4.13273
4.11266
4.10769
4.15035
4.19616
4.15362
4.12828
4.17004
4.10038
4.03884
4.09407
4.05154
4.0348
4.02092
4.06356
3.98903
4.02346
4.01959
4.07109
4.03301
4.03577
4.12663
4.08597
4.09533
4.15185
4.06892
4.00387
3.95725
3.95589
3.89359
3.83797
3.8308
3.77528
3.72335
3.67649
3.6712
3.61741
3.575
3.57338
3.60127
3.5828
3.63201
3.55647
3.62747
3.63833
3.63498
3.64049
3.67738
3.667
3.69769
3.66224
3.65335
3.69614
3.60305
3.66506
3.71992
3.81574
3.87143
3.90615
3.93076
3.99142
4.01197
4.08505
4.11915
4.18563
4.20099
4.27309
4.27663
4.34873
4.32353
4.33076
4.26626
4.39158
4.32852
4.28921
4.35874
4.32543
4.29649
4.27581
4.29359
4.33647
4.26277
4.24562
4.23249
4.18616
4.21592
4.16056
4.19231
4.18269
4.2296
4.18821
4.2625
4.22451
4.19327
4.1227
4.18561
4.20601
4.23465
4.22179
4.23749
4.25235
4.27112
4.21913
4.18348
4.26031
4.25897
4.28245
4.26708
4.33414
4.3265
4.33356
4.35163
4.37009
4.40738
4.44629
4.43115
4.46312
4.38835
4.4436
4.38641
4.42661
4.40793
4.40545
4.49891
4.54901
4.53288
4.44817
4.52921
4.54011
4.54729
4.49995
4.58108
4.55851
4.63992
4.58581
4.64119
4.62486
4.72259
4.67989
4.69935
4.64826
4.71029
4.71844
4.76447
4.67276
4.71578
4.74845
4.75674
4.77782
4.82163
4.78756
4.77207
4.76623
4.7507
4.71751
4.71916
4.78024
4.68231
4.70416
4.71616
4.71606
4.71445
4.7412
4.74532
4.76748
4.66811
4.7215
4.66764
4.69421
4.63684
4.72371
4.73064
4.69132
4.6953
4.7
4.70598
4.70792
4.71264
4.68097
4.63642
4.70476
4.7103
4.74541
4.69219
4.7626
4.77787
4.71994
4.7838
4.75297
4.75324
4.74628
4.74554
4.75932
4.68935
4.73867
4.77124
4.6918
4.71577
4.697
4.78035
4.74704
4.72184
4.75873
4.74823
4.75225
4.74554
4.7207
4.75337
4.70216
4.75439
4.67996
4.70527
4.70393
4.71741
4.70456
4.63172
4.69461
4.63181
4.65916
4.63555
4.65342
4.64431
4.62411
4.68816
4.6316
4.59172
4.69141
4.64598
4.66407
4.58603
4.6094
4.63192
4.59647
4.63494
4.66591
4.64399
4.65596
4.62555
4.7193
4.69656
4.76598
4.68792
4.72148
4.80624
4.76971
4.81494
4.80924
4.82105
4.82636
4.81706
4.84293
4.80666
4.73921
4.70358
4.74693
4.73242
4.6835
4.71251
4.65688
4.70593
4.68017
4.6001
4.62009
4.50892
4.50254
4.51276
4.46667
4.50147
4.37465
4.33157
4.26664
4.25459
4.16731
4.06526
4.0447
3.99745
4.01507
4.00414
3.97875
3.95961
3.99466
4.0225
4.04536
4.08411
4.05005
4.11552
4.03589
3.98394
4.04687
4.04205
4.03352
4.08556
4.04832
4.12812
4.09076
4.09709
4.12489
4.12278
4.14248
4.23697
4.31513
4.34755
4.4167
4.40658
4.49041
4.55558
4.56349
4.59887
4.58739
4.58991
4.59291
4.58495
4.63433
4.55331
4.59584
4.63656
4.68476
4.75143
4.74353
4.72889
4.75552
4.7076
4.78656
4.83
4.88638
4.82214
4.87427
4.88085
4.88409
4.87565
4.86709
4.90106
4.92963
5.004
4.94995
4.98881
4.93975
5.00911
5.0083
5.05078
4.97864
5.01693
5.03115
5.10018
5.01461
4.98273
5.03679
4.97007
4.97407
5.01683
4.9684
5.03607
5.016
4.98827
4.97228
4.95856
4.96012
4.90917
4.98339
5.00055
4.97527
5.03655
4.99953
4.99663
5.00264
4.96593
4.94617
4.93691
4.96317
4.91357
4.97467
4.88648
4.91359
4.89122
4.95977
4.95657
4.96373
5.01398
4.98689
4.97399
4.96496
4.95055
4.96273
4.899
4.97887
5.02739
4.98004
4.98514
4.99888
4.94698
4.99966
4.95039
4.90191
4.89628
4.92137
4.871
4.96657
4.94754
4.88662
4.96579
4.90628
4.94986
4.94821
4.97778
4.96917
4.9945
4.92073
4.95206
4.99889
5.02948
5.07263
5.12012
5.09849
5.18827
5.0976
5.15932
5.18427
5.18986
5.17928
5.22165
5.14438
5.16333
5.19524
5.20133
5.14304
5.22943
5.19043
5.1543
5.15983
5.1523
5.22679
5.20101
5.20817
5.16018
5.17536
5.15467
5.19426
5.16765
5.08305
5.06909
5.12089
5.06326
5.06191
5.01592
5.00543
4.97725
4.94314
4.92568
4.87437
4.79123
4.85036
4.83399
4.79678
4.79222
4.79366
4.78586
4.75703
4.78891
4.83125
4.81806
4.79861
4.77483
4.71687
4.7693
4.69692
4.73315
4.7262
4.71065
4.77084
4.6925
4.64251
4.69434
4.67525
4.69755
4.74277
4.71214
4.73293
4.78761
4.81597
4.87168
4.80166
4.81328
4.86967
4.86437
4.8856
4.89593
4.91293
4.89444
4.84098
4.87184
4.86102
4.90784
4.92058
4.84906
4.92917
4.87026
4.88099
4.83511
4.83188
4.86941
4.83248
4.80656
4.82804
4.8107
4.74948
4.72728
4.76907
4.75826
4.70504
4.74195
4.82341
4.7585
4.80591
4.81087
4.85154
4.80003
4.73195
4.69427
4.75927
4.68396
4.73437
4.72698
4.73255
4.79304
4.77602
4.78584
4.78564
4.79683
4.81854
4.81346
4.85244
4.78541
4.79118
4.76353
4.84016
4.85439
4.79432
4.83089
4.834
4.80266
4.78327
4.86432
4.82709
4.76993
4.7589
4.79297
4.81651
4.85306
4.88845
4.91832
4.82235
4.87012
4.90109
4.86946
4.87268
4.87847
4.90409
4.94623
4.87031
4.88374
4.90483
4.90736
4.95116
4.97402
5.00497
4.97177
4.96628
4.96952
4.97527
4.98667
5.01346
4.97579
4.9226
4.97656
4.97701
4.90555
4.96431
5.0066
4.9478
4.93022
4.9181
4.90621
4.89816
4.86183
4.83083
4.84252
4.82835
4.82964
4.83608
4.877
4.86896
4.86626
4.82388
4.83639
4.73583
4.80169
4.80943
4.78172
4.78049
4.79737
4.77118
4.77239
4.81117
4.74813
4.74344
4.82142
4.83673
4.73314
4.74592
4.79078
4.80273
4.78772
4.77131
4.78449
4.81515
4.82521
4.84177
4.79241
4.8924
4.87337
4.87923
4.8915
4.88657
4.84608
4.94432
4.93504
4.94684
4.89298
4.96537
4.91853
4.93742
4.92096
4.9383
4.99835
4.93456
4.92475
4.9016
4.96914
4.9154
4.88634
4.95028
4.88824
4.91974
