19.798
19.0322
18.6145
18.5821
18.3484
18.3936
18.7279
18.5498
18.4301
18.884
18.978
19.1777
19.2728
19.1008
19.3643
19.4036
19.4852
19.5972
19.6346
19.7035
19.7218
19.7359
19.7492
19.8016
19.8102
19.881
19.8938
19.9413
19.9626
20.0238
20.0377
19.9991
20.1654
20.2237
20.3095
20.4008
20.3912
20.3837
20.5299
20.3487
20.289
20.177
20.0896
20.2518
20.1771
20.2285
20.1178
20.1343
20.0413
20.0793
20.0538
20.1022
20.1241
20.1507
20.1638
20.1541
20.1504
20.1423
20.1271
19.9464
19.8186
19.7911
19.7833
19.7612
19.7815
19.7171
19.6064
19.8092
19.7397
19.909
19.885
20.0594
20.124
20.1465
20.1065
20.1375
20.2626
20.2125
20.3433
20.2916
20.3715
20.3643
20.4034
20.3641
20.4084
20.38
20.4358
20.4407
20.4829
20.5257
20.7519
20.8067
20.8389
20.8712
20.9023
20.9475
21.1055
21.04
21.072
21.0577
21.1852
21.0967
21.1593
20.9979
21.1053
21.0333
21.0548
21.0814
20.9145
20.9759
20.9105
20.9048
20.7359
20.7823
20.7173
20.7304
20.5745
20.6035
20.5413
20.6436
20.5888
20.6475
20.5484
20.4202
20.4674
20.4515
20.3938
20.3539
20.3754
20.3119
20.2718
20.2994
20.2171
20.315
20.1081
20.0236
20.0337
19.9806
19.9978
19.9739
19.9276
19.9486
20.0624
19.9915
20.0279
19.9981
20.044
19.9569
19.8807
19.9246
19.8686
19.8791
19.8445
19.9724
19.8425
19.8447
19.8353
19.7372
19.7158
19.6984
19.7263
19.668
19.7196
19.7076
19.8065
19.9012
19.8223
19.8339
19.8884
19.8162
19.8855
19.8254
19.8391
19.8346
19.8281
19.8278
19.9031
19.919
20.0216
19.9578
19.8417
19.8893
19.891
19.8998
19.8026
19.8434
19.8253
19.8076
19.7045
19.7984
19.7541
19.7937
19.7683
19.7939
19.8085
19.7747
19.8054
19.8508
19.9
19.9607
19.9484
19.8615
19.9082
19.9264
19.8809
19.9096
19.7798
19.6924
19.7832
19.7824
19.7931
19.8411
19.8575
19.716
19.7698
19.7688
19.8147
19.818
19.9867
19.7951
19.9119
19.8687
19.7727
19.6297
19.6962
19.6109
19.4639
19.3306
19.2244
19.2242
19.1376
19.1573
18.987
19.036
18.9491
18.8496
19.0137
19.1221
19.0597
19.0696
19.2185
19.1401
19.0271
19.2129
19.2813
19.2518
19.1202
19.3246
19.2134
19.3836
19.306
19.2887
19.3706
19.5565
19.3853
19.5402
19.6828
19.6796
19.8703
19.8228
19.9356
20.0625
20.1782
20.1696
20.3058
20.2937
20.3251
20.2059
20.1089
20.1514
20.0599
20.1076
20.1325
20.136
20.1369
20.1224
20.2264
20.1631
20.1846
20.1267
20.0933
20.1477
20.1519
20.1146
20.2517
20.1002
20.1316
20.2386
20.1674
20.1871
20.0539
20.0605
20.0287
20.01
19.9746
19.9962
19.811
20.0292
20.0857
19.922
20.0651
19.8977
19.8864
19.7396
19.7972
19.6724
19.7514
19.707
19.7299
19.7305
19.6436
19.7169
19.7382
19.6135
19.4634
19.6545
19.6188
19.5929
19.6117
19.6225
19.7407
19.693
19.7576
19.7541
19.8242
19.8041
19.9738
19.8749
19.9252
19.938
19.7925
19.9801
20.0807
20.1952
20.1704
20.3007
20.2722
20.2027
20.2476
20.2397
20.3748
20.3068
20.3605
20.4706
20.6425
20.5731
20.615
20.6455
20.5163
20.588
20.5987
20.633
20.6274
20.4961
20.5102
20.6021
20.4491
20.4853
20.3607
20.5392
20.5153
20.5012
20.5009
20.3902
20.3043
20.235
20.2832
20.3733
20.3464
20.3669
20.3842
20.2792
20.3053
20.3367
20.3044
20.304
20.3094
20.218
20.3918
20.2846
20.2987
20.2779
20.291
20.4201
20.2478
20.3229
20.3937
20.372
20.4607
20.4286
20.4088
20.2393
20.3473
20.4129
20.769
20.7833
20.7297
20.745
20.6023
20.6828
20.5775
20.6998
20.6193
20.5696
20.5283
20.5193
20.3591
20.4819
20.4374
20.4363
20.4238
20.3184
20.2094
20.1269
20.1528
20.0191
19.9719
19.8882
19.7943
19.6839
19.717
19.7706
19.6415
19.702
19.3196
19.298
19.1891
19.0797
19.1331
18.9837
18.9756
18.8476
18.784
18.7242
18.7321
18.7803
18.9217
18.9019
18.7706
18.6926
18.6238
18.6292
18.6162
18.5931
18.6087
18.5852
18.5825
18.7265
18.7063
18.8714
18.8454
18.9735
19.0266
18.8767
18.8608
19.036
19.1202
19.1476
19.1178
19.1261
19.124
19.1487
19.1474
19.1511
19.105
18.9838
18.8413
18.7401
18.7875
18.7927
18.8798
18.8727
18.8655
18.8766
18.8616
18.869
18.8528
18.6655
18.6993
18.5045
18.5296
18.3591
18.2383
18.2438
18.2554
18.2758
18.1782
18.3086
18.3919
18.3747
18.3845
18.3965
18.4121
18.4227
18.44
18.4254
18.4728
18.4861
18.4847
18.4926
18.3945
18.4275
18.4335
18.4523
18.4761
18.4995
18.515
18.7231
18.8259
18.8928
18.963
19.1445
19.3039
19.4339
19.5059
19.3265
19.3646
19.2468
19.1934
19.2188
19.2213
19.2191
19.2095
19.1962
19.1823
19.2086
19.3614
19.467
19.4707
19.6448
19.6594
19.6936
19.7037
19.7223
19.7103
19.7244
19.7344
19.597
19.5189
19.5143
19.4884
19.3666
19.2301
19.1451
19.116
19.1154
19.0975
19.0999
19.0893
19.0485
19.1738
19.1403
19.0997
19.0825
19.0316
18.9962
18.7868
18.6486
18.5843
18.3814
18.3403
18.2763
18.2564
18.2172
18.1922
18.1866
18.3023
18.2376
18.1718
18.1214
18.184
18.1321
18.2177
18.2379
18.1835
18.1635
18.1408
18.0921
18.0547
18.0332
17.8978
17.8884
18.041
18.1461
18.2581
18.2484
18.2367
18.2137
18.2107
18.2114
18.2297
18.1968
18.1929
18.1704
18.1571
18.1039
18.152
18.2928
18.4373
18.444
18.3274
18.2934
18.1618
18.0699
18.0976
18.2469
18.3497
18.3743
18.5467
18.5897
18.6171
18.6611
18.5516
18.4618
18.4058
18.4249
18.4899
18.5191
18.5827
18.6382
18.6594
18.7066
18.7546
18.8293
19.0879
19.2309
19.0699
18.981
18.929
18.9536
18.9944
19.0917
19.1628
19.2375
19.2796
19.2847
19.3383
19.3641
19.2505
19.2619
19.2108
19.211
19.1839
19.1524
19.1554
19.1518
19.1087
19.1193
19.1018
19.1923
19.2258
19.1921
19.2695
19.1926
18.9669
18.8479
18.8254
18.7954
18.7445
18.7175
18.672
18.5934
18.5695
18.5083
18.4623
18.2789
18.1425
18.1211
18.0912
18.0552
18.044
17.9619
17.9421
17.9059
17.8556
17.7993
17.806
17.7503
17.6944
17.5233
17.4424
17.4095
17.2798
17.2455
17.2205
17.1564
17.1013
17.0483
17.1532
17.1203
17.1175
17.1362
17.1114
17.1228
17.2571
17.3254
17.2873
17.2728
17.2339
17.1919
17.16
17.3279
17.3053
17.3516
17.3711
17.4007
17.411
17.4529
17.4953
17.5583
17.705
17.8618
17.8511
18.0459
18.0312
18.2109
18.2493
18.2974
18.1817
18.2139
18.2175
18.1807
18.2029
18.1882
18.0322
18.1697
18.1697
18.3566
18.3587
18.544
18.5783
18.621
18.6495
18.6235
18.7942
18.7899
18.7788
18.7522
18.7473
18.7004
18.6001
18.632
18.7652
18.5982
18.6013
18.6427
18.7254
18.7201
18.7116
18.7216
18.73
18.7553
18.7506
18.7565
18.7778
18.5955
18.7647
18.654
18.6547
18.5228
18.546
18.3931
18.3999
18.4107
18.2417
18.2874
18.3129
18.3612
18.4277
18.5083
18.5049
18.4207
18.337
18.4116
18.4135
18.434
18.4542
18.5488
18.5306
18.5324
18.5317
18.5682
18.5824
18.6022
18.6244
18.6416
18.5153
18.4435
18.4776
18.492
18.4855
18.4844
18.4828
18.5082
18.5155
18.5171
18.6706
18.7592
18.6848
18.6617
18.6544
18.6187
18.5728
18.5447
18.571
18.4022
18.2842
18.2052
18.2316
18.2107
18.219
18.2095
18.1792
18.193
18.178
18.1267
18.1276
18.1229
18.2513
18.1986
18.1972
18.1881
18.1691
18.1407
18.1
18.0545
17.8728
17.744
17.7742
17.8623
17.8895
17.866
17.8564
17.8364
17.9613
17.9359
17.9663
17.9654
17.978
17.9836
17.983
17.9806
17.9987
17.9891
17.9868
18.0209
18.0176
18.0024
17.8823
17.8928
17.8551
17.8803
17.876
17.9131
18.1102
18.1157
18.2721
18.3672
18.3444
18.2415
18.213
18.2001
18.2455
18.2217
18.0947
18.0979
18.0853
18.0617
18.1532
18.1382
18.112
18.0993
18.0848
18.0749
18.0914
18.2432
18.3091
18.3345
18.3332
18.3733
18.4295
18.4167
18.4286
18.4187
18.2642
18.442
18.3729
18.4129
18.3996
18.4182
18.411
18.4312
18.4293
18.4399
18.4139
18.5979
18.5847
18.5702
18.4898
18.4744
18.4938
18.5034
18.528
18.5512
18.5484
18.4113
18.344
18.3385
18.3356
18.3084
18.2801
18.2983
18.3495
18.3345
18.335
18.1959
18.1287
18.022
18.0732
18.0627
18.2131
18.2924
18.2878
18.309
18.3664
18.1966
18.2446
18.2956
18.4332
18.55
18.5562
18.7196
18.724
18.7482
18.7703
18.7716
18.7617
18.7858
18.8087
18.9742
19.0088
19.02
19.1724
19.2887
19.308
19.3119
19.3508
19.3646
19.3831
19.412
19.293
19.2457
19.2734
19.3199
19.3385
19.3306
19.3475
19.3752
19.2656
19.251
19.2797
19.18
19.2328
19.2874
19.3266
19.3844
19.4998
19.6197
19.7313
19.6745
19.7836
19.8914
19.8322
19.8835
19.9967
20.1099
20.1956
20.3144
20.3949
20.4602
20.5035
20.55
20.6009
20.6111
20.5936
20.6418
20.6396
20.6303
20.6295
20.5926
20.6003
20.5573
20.5146
20.4771
20.4316
20.4078
20.3401
20.2338
20.1364
20.1025
20.0281
19.9625
20.0187
19.9806
19.89
19.8076
19.7219
19.6693
19.7209
19.6474
19.6291
19.6323
19.6179
19.6406
19.6591
19.6979
19.7386
19.8049
19.8578
19.9034
19.9736
20.0607
20.1216
20.1408
20.2159
20.4047
20.439
20.5238
20.5672
20.5954
20.6704
20.6859
20.6284
20.6294
20.782
20.8535
21.0329
21.0554
20.9728
21.0249
21.1888
21.2562
21.2828
21.2892
21.2898
21.2355
21.191
21.1382
21.0523
20.9815
21.094
21.0678
20.996
20.9519
20.8461
20.8368
20.8393
20.73
20.6635
20.5833
20.477
20.4041
20.3107
20.2152
20.0308
19.9293
19.736
19.7428
19.6527
19.5844
19.3606
19.2218
19.1198
19.0606
19.0339
19.0262
19.0238
19.0118
19.0318
19.0585
19.0033
18.9427
19.0957
19.0468
19.2302
19.005
18.9444
18.9587
18.9675
18.986
19.1277
19.1045
19.11
19.1124
19.1141
19.1225
19.1177
19.1709
19.2563
19.2407
19.2607
19.4169
19.5061
19.492
19.6437
19.6059
19.5888
19.5689
19.5331
19.6931
19.6227
19.5977
19.6044
19.6117
19.4325
19.6132
19.6442
19.7047
19.6812
19.6643
19.5218
19.5561
19.544
19.6867
19.6833
19.6721
19.6677
19.5337
19.4774
19.6521
19.7167
19.5669
19.5088
19.4945
19.3397
19.5154
19.5831
19.5866
19.6274
19.4362
19.3334
19.3671
19.1895
19.2095
19.2354
19.0735
19.0338
18.9609
18.967
19.1389
19.2136
19.2081
19.2272
19.062
19.0754
19.237
19.326
19.3235
19.3324
19.1554
19.0733
19.2264
19.2983
19.3103
19.3086
19.1488
19.0887
19.0761
19.0514
19.0716
19.0757
19.081
19.0979
19.1053
19.0862
19.0801
19.089
19.2604
19.2777
19.2749
19.2004
19.3377
19.4372
19.4615
19.4379
19.3
19.217
19.2373
19.2162
19.2318
19.2565
19.1039
19.0361
19.0325
19.2212
19.287
19.4318
19.5385
19.6348
19.612
19.6417
19.6341
19.6296
19.6503
19.6635
19.6485
19.6547
19.4664
19.5847
19.4425
19.5894
19.432
19.4656
19.4197
19.5951
19.5375
19.5248
19.5024
19.4818
19.6193
19.7048
19.6692
19.7982
19.7705
19.752
19.684
19.5279
19.4429
19.3324
19.3661
19.353
19.3309
19.3213
19.3134
19.3083
19.3149
19.4474
19.5327
19.3986
19.3827
19.3819
19.3915
19.233
19.4408
19.3639
19.4017
19.4227
19.4109
19.5656
19.4066
19.4638
19.469
19.4732
19.5019
19.4952
19.4573
19.6403
19.6073
19.7822
19.7219
