2.87574
61.0368
75.9211
78.2627
79.5673
79.3069
79.0417
78.7887
78.6346
78.4902
78.3336
78.2644
78.2138
78.099
78.1196
78.0329
77.953
77.9458
77.8999
77.851
77.874
77.8742
77.8305
77.8369
77.819
77.7881
77.779
77.769
77.7596
77.7405
80.2159
78.8314
77.8719
77.5879
77.3323
77.3198
77.305
77.2967
77.2974
77.3026
77.3119
77.3405
77.3387
77.3664
77.3327
77.3579
77.3983
77.3767
77.36
77.3892
77.3333
77.3051
77.3391
77.3107
77.2865
77.2969
77.2703
77.2545
77.2612
77.2518
77.2313
77.2224
77.2238
77.225
77.2002
77.1895
77.1902
77.1923
77.1912
77.3364
77.384
77.3568
77.3688
77.3833
77.3911
77.4145
77.4147
77.4285
77.5027
77.5136
77.5663
77.5842
77.5712
77.6075
77.6396
77.6573
77.6826
77.7083
77.7358
77.7414
77.8023
77.8405
77.8535
77.8664
77.9435
77.958
77.9881
78.0463
78.0368
77.922
77.8918
77.9118
77.9027
77.9114
77.9478
77.9167
77.9006
77.9121
77.8787
77.8965
77.8814
77.8651
77.8817
77.875
77.8775
77.8881
77.8802
77.9038
77.8819
77.9001
77.9222
77.8993
77.9315
77.9569
77.9138
77.9534
77.9395
77.9096
77.9311
77.9067
77.9458
77.9269
77.9181
77.9302
77.9034
77.9235
77.9389
77.9537
77.993
77.9563
77.9537
77.9689
77.9563
77.9601
77.9461
77.9151
77.9679
77.9493
77.9473
77.9453
77.9164
77.9372
77.9111
77.901
77.9347
77.9112
77.9311
77.949
77.9404
77.959
77.9281
77.926
77.9459
77.9286
77.9039
77.9068
77.8963
77.9032
77.8664
77.8765
77.881
77.8745
77.9043
77.8808
77.9041
77.9429
77.8967
77.8824
77.8862
77.8877
77.9056
77.8791
77.8804
77.8791
77.8362
77.8058
77.7914
77.7646
77.7518
77.7427
77.7376
77.7408
77.7246
77.7276
77.7797
77.7609
77.7531
77.7384
77.7335
77.7071
77.7176
77.721
77.7128
77.7327
77.7152
77.7145
77.7006
77.6984
77.6983
77.6854
77.6276
77.6288
77.6229
77.6231
77.6377
77.6599
77.689
77.7137
77.7409
77.7411
77.754
77.785
77.7826
77.7603
77.7511
77.7606
77.8024
77.7919
77.7931
77.8488
77.8306
77.8314
77.8215
77.8173
77.8528
77.8332
77.8618
77.8912
77.8729
77.9162
77.9633
77.9566
77.9856
77.9761
77.9859
77.9803
77.9379
77.9472
77.9359
77.9248
77.933
77.904
77.9032
77.9363
77.8948
77.916
77.8838
77.886
77.9184
77.8842
77.8977
77.903
77.8963
77.8954
77.8707
77.8526
77.8667
77.8418
77.8676
77.8659
77.8429
77.8643
77.8472
77.8493
77.8786
77.8871
77.9228
77.881
77.8977
77.9176
77.9078
77.9352
77.9474
77.9485
78.0686
78.0665
78.1006
78.115
78.1843
78.1904
78.1796
78.2242
78.2278
78.2634
78.2549
78.2724
78.2603
78.2843
78.326
78.3022
78.3128
78.3118
78.3253
78.3755
78.331
78.3136
78.3027
78.328
78.3502
78.3572
78.3634
78.3584
78.3695
78.3764
78.2969
78.3026
78.2685
78.2607
78.1852
78.1747
78.19
78.1581
78.1605
78.1574
78.1856
78.1989
78.2061
78.2031
78.1756
78.1994
78.2269
78.2181
78.2036
78.1969
78.2098
78.2431
78.2567
78.2664
78.2559
78.2366
78.2618
78.2428
78.2358
78.2246
78.224
78.232
78.2425
78.2451
78.2299
78.253
78.2645
78.2729
78.2665
78.2398
78.2124
78.2237
78.2289
78.2465
78.2363
78.2113
78.2159
78.2176
78.2271
78.2121
78.2288
78.2389
78.2445
78.2416
78.235
78.2699
78.2679
78.252
78.2483
78.2422
78.2171
78.2101
78.2368
78.2379
78.2559
78.24
78.2703
78.2602
78.2566
78.2731
78.3151
78.323
78.3092
78.2777
78.2671
78.2745
78.2697
78.2746
78.2578
78.263
78.2549
78.2738
78.2645
78.2431
78.2444
78.2217
78.2263
78.2579
78.2506
78.2574
78.2626
78.2762
78.2537
78.2513
78.2384
78.2383
78.2093
78.2253
78.2382
78.2313
78.195
78.1958
78.2076
78.2098
78.221
78.2195
78.2275
78.2321
78.2554
78.2484
78.2444
78.2409
78.2271
78.2459
78.2393
78.2624
78.2481
78.2384
78.2805
78.259
78.2667
78.2719
78.2851
78.303
78.312
78.3138
78.313
78.309
78.3326
78.3044
78.3177
78.3133
78.3045
78.3404
78.3352
78.3546
78.3328
78.3338
78.3439
78.3377
78.3481
78.3184
78.3405
78.3557
78.3521
78.3142
78.2979
78.3037
78.3159
78.3318
78.3153
78.2836
78.2617
78.2488
78.241
78.2454
78.2275
78.2024
78.197
78.2005
78.2029
78.216
78.1998
78.1752
78.1673
78.1492
78.1937
78.1812
78.1832
78.1894
78.1911
78.1801
78.1504
78.1549
78.1549
78.1623
78.1745
78.2082
78.2006
78.1963
78.2149
78.2175
78.216
78.2251
78.2353
78.2403
78.2421
78.2446
78.242
78.28
78.2896
78.2615
78.2585
78.2785
78.2671
78.271
78.2123
78.2289
78.2324
78.2258
78.2206
78.2114
78.2416
78.2544
78.2495
78.2611
78.2508
78.2064
78.2123
78.2284
78.2443
78.2624
78.2618
78.2666
78.2551
78.2886
78.3012
78.3085
78.3028
78.2781
78.293
78.2931
78.3244
78.3111
78.3326
78.3725
78.3998
78.4384
78.4375
78.4502
78.4571
78.4643
78.4784
78.4725
78.4935
78.5218
78.5489
78.6047
78.6089
78.6464
78.6718
78.7275
78.7898
78.835
78.8672
78.9112
78.9289
78.9926
79.0304
79.103
79.1056
79.1475
79.1365
79.1292
79.1367
79.1097
79.1301
79.0796
79.0912
79.0969
79.1202
79.1526
79.1319
79.1537
79.1535
79.1665
79.1523
79.1112
79.098
79.0586
79.063
79.0045
79.0021
78.9368
78.9328
78.8597
78.8412
78.8029
78.758
78.7229
78.6937
78.6907
78.7171
78.7105
78.7044
78.6993
78.6922
78.7078
78.6835
78.6651
78.6346
78.6291
78.6385
78.5799
78.5655
78.5206
78.555
78.5702
78.5813
78.5985
78.5735
78.5964
78.5791
78.6083
78.6005
78.6432
78.6303
78.6549
78.6724
78.6631
78.7144
78.691
78.702
78.726
78.7544
78.7478
78.7176
78.7017
78.6974
78.7222
78.7251
78.7111
78.6972
78.7203
78.7379
78.7464
78.7187
78.6887
78.6552
78.6486
78.6317
78.624
78.6386
78.6628
78.6472
78.6188
78.6329
78.5783
78.5897
78.5711
78.5195
78.5955
78.5632
78.551
78.5331
78.5436
78.5466
78.5893
78.5908
78.5854
78.5915
78.5874
78.6328
78.6538
78.6685
78.6883
78.6929
78.7151
78.7043
78.7005
78.71
78.7245
78.7005
78.706
78.7324
78.734
78.7316
78.7651
78.7517
78.7738
78.81
78.7135
78.7495
78.7652
78.7483
78.7463
78.7375
78.7426
78.7631
78.7368
78.7302
78.7191
78.6985
78.6827
78.7151
78.7018
78.6742
78.6814
78.6982
78.7139
78.7073
78.7138
78.7189
78.7117
78.6857
78.6778
78.6785
78.6687
78.7043
78.6884
78.6886
78.6979
78.6766
78.6772
78.6923
78.7261
78.7467
78.7446
78.7306
78.7364
78.7337
78.7327
78.7449
78.7479
78.7258
78.7253
78.7224
78.7163
78.7211
78.707
78.7186
78.6749
78.6677
78.6308
78.6449
78.6555
78.6757
78.6738
78.638
78.6474
78.6218
78.6504
78.6635
78.6928
78.7132
78.7194
78.7176
78.6725
78.6765
78.6731
78.6979
78.7102
78.6955
78.685
78.6509
78.6794
78.6896
78.7066
78.6994
78.6782
78.6912
78.6957
78.7063
78.6993
78.7174
78.7288
78.7317
78.7369
78.7363
78.7656
78.7589
78.7662
78.765
78.7499
78.7361
78.7043
78.6954
78.7163
78.7558
78.7777
78.7935
78.794
78.7816
78.7996
78.7945
78.7844
78.8015
78.8045
78.8115
78.8339
78.8123
78.8277
78.8141
78.8027
78.7912
78.7787
78.7823
78.8082
78.8041
78.7875
78.7833
78.7782
78.7625
78.7295
78.7255
78.7204
78.7469
78.7617
78.7614
78.7699
78.7322
78.7444
78.7477
78.7565
78.7796
78.7822
78.7865
78.7596
78.7423
78.7368
78.7577
78.7218
78.7439
78.775
78.7617
78.7532
78.7238
78.7284
78.7401
78.7292
78.7613
78.7565
78.7743
78.7954
78.8209
78.8293
78.8323
78.8052
78.7933
78.7845
78.8018
78.805
78.7947
78.7835
78.7836
78.8198
78.8108
78.8656
78.906
78.9532
78.9474
78.9649
78.9425
78.9417
78.9536
78.9512
79.002
78.9678
78.9512
78.9447
78.9503
78.9745
78.9623
79.0057
78.9835
79.0051
78.9902
79.011
78.9985
79.0005
79.0235
79.0163
79.0646
79.0771
79.0866
79.0227
79.0081
78.959
78.9358
78.9358
78.9022
78.9222
78.906
78.8835
78.8854
78.8864
78.8639
78.872
78.9088
78.9184
78.9319
78.8731
78.8736
78.8218
78.8297
78.8273
78.8018
78.8202
78.8205
78.8246
78.804
78.7936
78.7373
78.7185
78.7208
78.7336
78.7724
78.7812
78.7845
78.7381
78.7809
78.7869
78.8054
78.8478
78.824
78.8477
78.8198
78.8148
78.8075
78.8151
78.8118
78.8243
78.8524
78.8642
78.8881
78.8688
78.8842
78.8461
78.8286
78.8604
78.8645
78.907
78.9253
78.9396
78.9259
78.9053
78.8837
78.8757
78.9037
78.9124
78.9207
78.919
78.9464
78.9092
78.9149
78.8924
78.9114
78.9282
78.8888
78.859
78.8152
78.8319
78.808
78.7737
78.7704
78.7693
78.7634
78.7748
78.7661
78.7527
78.7466
78.7591
78.7849
78.8198
78.8236
78.8583
78.8675
78.8701
78.877
78.8886
78.886
78.8901
78.885
78.8954
78.9428
78.9632
79.0039
79.008
79.071
79.0844
79.1038
79.1032
79.1204
79.1877
79.1803
79.1946
79.2214
79.2628
79.317
79.3463
79.3528
79.3572
79.3785
79.3988
79.4401
79.4881
79.4946
79.5558
79.5371
79.5792
79.5825
79.6165
79.5934
79.6243
79.6057
79.5971
79.5761
79.5508
79.5273
79.534
79.5701
79.5582
79.5597
79.5019
79.4877
79.4619
79.4646
79.461
79.4249
79.407
79.4116
79.4122
79.388
79.3605
79.3213
79.2796
79.2896
79.2625
79.28
79.2547
79.2755
79.2569
79.3035
79.3137
79.3505
79.4027
79.4308
79.5046
79.5324
79.606
79.6054
79.6709
79.6981
79.792
79.8143
79.8597
79.8476
79.8406
79.8734
79.8753
79.8621
79.8614
79.8482
79.8327
79.8204
79.8097
79.789
79.762
79.7367
79.7157
79.706
79.6658
79.6556
79.6187
79.576
79.5226
79.457
79.3933
79.3394
79.2918
79.2519
79.2201
79.1798
79.1002
79.0627
79.0319
79.0354
78.9945
78.9775
78.9215
78.9334
78.8834
78.8621
78.8368
78.8327
78.8535
78.8413
78.8768
78.8877
78.898
78.8635
78.8628
78.8169
78.8094
78.813
78.7978
78.8458
78.8424
78.8802
78.8747
78.8684
78.8327
78.8097
78.8007
78.8181
78.8374
78.8171
78.8372
78.8266
78.8488
78.8258
78.8248
78.8648
78.8692
78.9093
78.8756
78.908
78.8713
78.841
78.8126
78.7985
78.8415
78.8439
78.8717
78.8628
78.8608
78.8355
78.8413
78.8342
78.8112
78.8542
78.8789
78.9256
78.9196
78.9011
78.88
78.9013
78.9048
78.8765
78.9005
78.9043
78.9318
78.8983
78.9122
78.869
78.8734
78.8498
78.8395
78.8728
78.871
78.9148
78.8697
78.8952
78.8881
78.8615
78.9048
78.8937
78.9279
78.8954
78.9309
78.8987
78.9211
78.8766
78.8864
78.8926
78.8707
78.8974
78.9005
78.9629
78.9422
78.9724
78.9553
78.9659
78.9499
78.9677
78.9902
78.9725
79.0049
78.9891
79.0125
78.9756
78.9891
78.9842
78.9771
78.9932
78.9576
78.9763
78.9284
78.9687
78.9523
78.9684
78.9272
78.9394
78.9535
78.958
78.993
78.953
78.9593
78.9008
78.9315
78.9276
78.902
78.8895
78.8906
78.8947
78.8662
78.9118
78.9166
78.9282
78.9078
78.9137
78.9241
78.8939
78.9005
78.899
78.9285
78.9192
78.9468
78.9294
78.9078
78.8852
78.8962
78.8961
78.8802
78.9029
78.9001
78.9248
78.8993
78.9019
78.8518
78.8408
78.91
78.933
78.9652
78.938
78.9608
78.9241
78.8807
78.8748
78.8791
78.8906
78.8784
78.9189
78.913
78.9191
78.8988
78.8855
78.9109
78.8964
78.9337
78.9293
78.9193
78.9158
78.9205
78.9223
78.9002
