99.6681
53.1163
37.7692
30.9352
26.5187
23.447
21.1632
19.5378
18.373
17.3665
16.3637
15.592
15.0183
14.5154
13.9824
13.6093
13.2723
12.9714
12.6979
12.4318
12.2097
12.0082
11.7708
11.6042
11.4412
11.289
11.1806
11.0581
10.955
10.8485
7.7515
7.79132
7.75863
7.68493
7.63989
7.63476
7.64593
7.63642
7.61011
7.59898
7.64298
7.68056
7.62364
7.61551
7.61481
7.61523
7.61517
7.60532
7.56336
7.57258
7.56633
7.56239
7.59653
7.60348
7.60927
7.5743
7.53595
7.53231
7.48579
7.4856
7.51308
7.47514
7.53811
7.53525
7.54301
7.53341
7.53317
7.52276
7.49641
7.48901
7.48573
7.46427
7.47156
7.45169
7.49219
7.44726
7.42807
7.41389
7.44968
7.43874
7.43899
7.43469
7.40056
7.37138
7.36542
7.39945
7.40577
7.36325
7.39847
7.37359
7.37432
7.37138
7.35851
7.33566
7.32721
7.33779
7.29542
7.30235
7.27168
7.27318
7.27341
7.28422
7.28363
7.30702
7.26503
7.30443
7.28525
7.30592
7.30521
7.32794
7.29504
7.28912
7.27206
7.30732
7.30166
7.30042
7.3034
7.34021
7.33202
7.35285
7.34732
7.39031
7.35337
7.36361
7.3665
7.36851
7.40252
7.4026
7.39873
7.36612
7.37096
7.35852
7.35244
7.32629
7.36528
7.3189
7.35217
7.3415
7.35915
7.28929
7.33558
7.35564
7.40727
7.39444
7.36451
7.37312
7.33761
7.292
7.30887
7.31384
7.28637
7.27799
7.31369
7.3062
7.31025
7.30834
7.311
7.30989
7.31497
7.34285
7.34161
7.34255
7.39101
7.4159
7.4145
7.40616
7.40263
7.4138
7.39627
7.44654
7.43107
7.43233
7.43222
7.42192
7.4683
7.43018
7.47597
7.48537
7.47816
7.47438
7.46716
7.45716
7.44469
7.4571
7.47526
7.46417
7.47102
7.43026
7.46358
7.41671
7.4218
7.43489
7.38583
7.35783
7.36548
7.41554
7.41632
7.40892
7.41549
7.4247
7.44052
7.4364
7.44441
7.40981
7.38509
7.43432
7.44332
7.49397
7.50565
7.50787
7.50698
7.49102
7.51281
7.51481
7.45836
7.46024
7.40984
7.45007
7.43823
7.49309
7.50431
7.48748
7.48624
7.50833
7.45672
7.42641
7.43181
7.4474
7.4076
7.41145
7.40158
7.40587
7.39765
7.4386
7.4595
7.44491
7.42199
7.41745
7.40804
7.41404
7.41785
7.45026
7.44516
7.4317
7.46486
7.46818
7.4744
7.47228
7.48906
7.48067
7.45909
7.47009
7.50908
7.50197
7.54355
7.57558
7.57077
7.55966
7.59151
7.5835
7.61142
7.59917
7.60428
7.59728
7.59946
7.60079
7.61482
7.6079
7.6064
7.5929
7.62868
7.62406
7.62897
7.63224
7.59528
7.59175
7.63974
7.64678
7.64238
7.64319
7.64607
7.65511
7.62645
7.64577
7.64459
7.63495
7.60046
7.61789
7.58825
7.60283
7.55896
7.55063
7.51275
7.53569
7.52486
7.52077
7.51434
7.51657
7.51776
7.50437
7.50972
7.47492
7.47024
7.47107
7.47758
7.46058
7.47155
7.46055
7.4547
7.41842
7.43219
7.40394
7.43419
7.38351
7.40291
7.35087
7.41245
7.40757
7.4558
7.44582
7.46887
7.48294
7.51974
7.51814
7.5295
7.49418
7.48034
7.49646
7.48947
7.50973
7.51916
7.51651
7.50823
7.50793
7.5059
7.52186
7.46462
7.45389
7.47765
7.51765
7.46394
7.48623
7.49172
7.54876
7.49507
7.57898
7.50971
7.49658
7.44344
7.44331
7.40164
7.39769
7.40035
7.35148
7.3565
7.40282
7.38204
7.37023
7.37276
7.32955
7.32722
7.3729
7.34835
7.37239
7.42511
7.44029
7.47349
7.48609
7.46678
7.41666
7.4451
7.39636
7.41034
7.38705
7.43211
7.40088
7.43872
7.44204
7.48042
7.47891
7.52021
7.4795
7.47987
7.48266
7.4784
7.4879
7.52924
7.5328
7.5355
7.54115
7.53162
7.51303
7.54914
7.48953
7.49518
7.4397
7.4174
7.42574
7.42672
7.47216
7.49349
7.5388
7.52338
7.52957
7.5383
7.54326
7.5621
7.52441
7.52077
7.52256
7.52649
7.54764
7.5457
7.57864
7.54286
7.53673
7.47885
7.49382
7.44991
7.48483
7.49311
7.46532
7.46077
7.50521
7.49487
7.52771
7.55047
7.5436
7.55107
7.51231
7.48943
7.48675
7.48783
7.46466
7.46416
7.46512
7.44851
7.45084
7.45418
7.45348
7.4453
7.4762
7.43571
7.44331
7.47789
7.47242
7.49134
7.46931
7.49908
7.49936
7.47377
7.46817
7.44067
7.4093
7.39691
7.40073
7.40244
7.36839
7.36199
7.41199
7.3874
7.37357
7.36758
7.39284
7.38766
7.38403
7.39213
7.41775
7.36782
7.37788
7.37386
7.32589
7.38481
7.38169
7.33656
7.33739
7.36878
7.37261
7.3506
7.36752
7.38906
7.43671
7.46586
7.44868
7.46348
7.47441
7.48824
7.49105
7.49645
7.48667
7.48671
7.48432
7.50002
7.46361
7.45564
7.45991
7.42413
7.44274
7.46442
7.4563
7.46235
7.50713
7.4907
7.48982
7.52957
7.48769
7.47904
7.47411
7.50154
7.46385
7.45952
7.46633
7.47404
7.51937
7.50614
7.50498
7.49796
7.49407
7.4989
7.4992
7.54515
7.54824
7.54889
7.54927
7.565
7.57588
7.6106
7.5732
7.62171
7.62368
7.63777
7.62664
7.61507
7.62111
7.6341
7.67236
7.69149
7.69398
7.71615
7.70536
7.71665
7.71909
7.71951
7.72066
7.72408
7.7018
7.69423
7.69916
7.69516
7.67468
7.66973
7.68351
7.67248
7.71383
7.67774
7.68034
7.64502
7.67728
7.63569
7.64821
7.63721
7.64015
7.65034
7.63921
7.57363
7.55327
7.55222
7.55842
7.54029
7.56962
7.55478
7.5031
7.49646
7.45041
7.43426
7.48281
7.46319
7.4934
7.49011
7.48386
7.49118
7.50146
7.45867
7.46441
7.48255
7.42626
7.4871
7.44453
7.44947
7.38067
7.38325
7.39274
7.35517
7.35982
7.41123
7.3912
7.36812
7.37774
7.3729
7.33431
7.31927
7.36739
7.32477
7.36898
7.3812
7.33917
7.36343
7.32283
7.32253
7.34622
7.29699
7.30016
7.30772
7.29785
7.29935
7.29751
7.28385
7.28771
7.29505
7.34345
7.32122
7.30772
7.34165
7.34751
7.34891
7.39245
7.41436
7.36145
7.3655
7.37469
7.40475
7.4105
7.45932
7.46041
7.46329
7.461
7.45865
7.46306
7.46353
7.46318
7.46443
7.43324
7.48789
7.48853
7.49272
7.548
7.52902
7.52466
7.53998
7.54509
7.55751
7.52602
7.52909
7.5157
7.51195
7.46676
7.46034
7.4958
7.50109
7.489
7.46264
7.43802
7.42601
7.41917
7.3902
7.40838
7.41308
7.45286
7.41209
7.41951
7.45619
7.46942
7.44379
7.40005
7.37945
7.36219
7.37854
7.40644
7.39285
7.34724
7.33052
7.35822
7.36153
7.36224
7.377
7.41823
7.37843
7.36144
7.3609
7.36673
7.38072
7.38251
7.34209
7.34866
7.33636
7.31405
7.30825
7.2983
7.29264
7.26898
7.26681
7.28594
7.24625
7.3051
7.30386
7.30558
7.26845
7.22839
7.2506
7.26509
7.26502
7.26798
7.26912
7.27663
7.26304
7.25976
7.29385
7.26844
7.26128
7.29736
7.29852
7.31882
7.35567
7.34614
7.35275
7.38475
7.40718
7.41286
7.4752
7.50335
7.50627
7.4445
7.46344
7.44381
7.41616
7.42801
7.40569
7.42013
7.40485
7.39348
7.41227
7.37391
7.37608
7.37253
7.34693
7.36516
7.37325
7.4238
7.3816
7.38024
7.38717
7.39114
7.35795
7.36169
7.34753
7.33986
7.31205
7.31382
7.29468
7.28582
7.28803
7.28844
7.26899
7.23527
7.28329
7.2288
7.28105
7.31775
7.31804
7.36022
7.32591
7.37634
7.37369
7.37157
7.43121
7.43992
7.43449
7.42831
7.48669
7.50713
7.50818
7.46111
7.51196
7.48343
7.55041
7.5153
7.53112
7.53986
7.50778
7.52442
7.527
7.57696
7.60339
7.64972
7.65569
7.66288
7.62741
7.63138
7.59274
7.57725
7.60796
7.56079
7.54106
7.54379
7.4912
7.48394
7.46748
7.45684
7.44501
7.38679
7.3842
7.37163
7.36739
7.35818
7.31817
7.35069
7.34156
7.29361
7.30229
7.30939
7.28176
7.25932
7.28515
7.27714
7.26587
7.25906
7.25345
7.24311
7.28926
7.30067
7.2605
7.28337
7.29625
7.29333
7.27307
7.22569
7.20417
7.21929
7.22211
7.26247
7.28275
7.3043
7.30737
7.3492
7.33629
7.33013
7.33904
7.37985
7.40648
7.38628
7.37284
7.38337
7.39936
7.39531
7.36568
7.41331
7.45913
7.47077
7.46557
7.46513
7.52518
7.54131
7.54988
7.56109
7.59792
7.59471
7.65213
7.64842
7.6049
7.59833
7.57594
7.60113
7.5966
7.55669
7.5932
7.56414
7.57078
7.58784
7.59626
7.59524
7.59458
7.60273
7.58142
7.56035
7.60878
7.61088
7.56239
7.55987
7.52748
7.5302
7.50988
7.4796
7.47285
7.45479
7.44383
7.48155
7.42424
7.42182
7.45909
7.46403
7.47625
7.46532
7.43853
7.47382
7.46788
7.49273
7.43608
7.42986
7.42097
7.42668
7.46255
7.45388
7.42696
7.46152
7.45175
7.40825
7.45693
7.45061
7.48071
7.49062
7.47446
7.50323
7.46153
7.45714
7.47829
7.48037
7.54363
7.5434
7.50809
7.53284
7.52916
7.55202
7.54046
7.54882
7.54782
7.5242
7.55497
7.54717
7.55383
7.54806
7.55204
7.57005
7.56507
7.55134
7.5368
7.57481
7.57157
7.58561
7.58565
7.54523
7.56704
7.58369
7.62787
7.61128
7.61196
7.5993
7.57736
7.5732
7.56091
7.56062
7.56234
7.55539
7.58967
7.54997
7.55727
7.54913
7.56501
7.57304
7.56733
7.56226
7.56645
7.56944
7.60912
7.57948
7.59263
7.5627
7.5772
7.53129
7.53621
7.57159
7.57529
7.56241
7.57321
7.60561
7.5998
7.57303
7.57599
7.58916
7.63726
7.61838
7.60517
7.56589
7.5553
7.59125
7.59039
7.65312
7.6154
7.61835
7.62108
7.62939
7.59316
7.58241
7.56266
7.59454
7.59247
7.58784
7.58413
7.58671
7.59241
7.58712
7.57977
7.57722
7.57727
7.58139
7.55488
7.59351
7.58918
7.57037
7.57505
7.5456
7.56629
7.61433
7.63297
7.64192
7.61407
7.61476
7.6615
7.6614
7.67033
7.68351
7.7204
7.70239
7.73377
7.69922
7.69442
7.73671
7.72456
7.76424
7.72734
7.70754
7.71663
7.72325
7.67859
7.69659
7.68714
7.68683
7.6604
7.66051
7.66176
7.66232
7.64254
7.5827
7.54293
7.54685
7.5565
7.51462
7.49771
7.45086
7.4254
7.38887
7.37804
7.38102
7.32993
7.35914
7.32288
7.31114
7.33157
7.30391
7.32924
7.33632
7.32792
7.28181
7.28672
7.28574
7.32492
7.32802
7.35894
7.32572
7.32984
7.35596
7.37537
7.43584
7.47472
7.41135
7.42357
7.40722
7.41669
7.45536
7.43461
7.45469
7.42198
7.42371
7.45376
7.42266
7.46298
7.47531
7.45753
7.47667
7.49818
7.47869
7.4656
7.51779
7.51164
7.49771
7.49021
7.45052
7.46697
7.51334
7.51515
7.521
7.50134
7.48106
7.47983
7.49463
7.50382
7.52875
7.51815
7.5106
7.50234
7.51488
7.50044
7.5147
7.47957
7.5269
7.52296
7.48318
7.49247
7.49532
7.43451
7.44055
7.46731
7.47025
7.49457
7.49091
7.4613
7.49284
7.46077
7.45568
7.46204
7.4689
7.47312
7.47979
7.47224
7.46345
7.48755
7.45384
7.45331
7.47548
7.47723
7.46177
7.51678
7.47222
7.49149
7.49874
7.50498
7.55194
7.53699
7.4904
7.54052
7.53021
7.50607
7.49134
7.46792
7.47134
7.50114
7.50891
7.52289
7.54132
7.53831
7.53453
7.49235
7.49699
7.46723
7.51975
7.50062
7.50813
7.52589
7.513
7.55819
7.56452
7.57452
7.62434
7.60528
7.59298
7.58035
7.51603
7.48446
7.55269
7.53791
7.56397
7.56961
7.53513
7.59363
7.58555
7.59812
7.59196
7.61037
7.59862
7.59635
7.61284
7.65931
7.62485
7.66253
7.66546
7.62729
7.66215
7.61953
7.63988
7.63707
7.58735
7.58702
7.54161
7.56773
7.54554
7.56435
7.61102
7.60111
7.54143
7.54767
7.55765
7.56408
7.55992
7.49575
7.50293
7.49984
7.46022
7.4585
7.47154
7.47778
7.41853
7.40996
7.41257
7.41163
7.39748
7.39614
7.41615
7.46339
7.40219
7.41448
7.45651
7.40718
7.40878
7.40306
7.41816
7.40729
7.37266
7.41362
7.4384
7.44146
7.43853
7.44905
7.44598
7.48475
7.4709
7.41686
7.42898
7.42296
7.38004
7.38407
7.39494
