11.5201
10.8501
10.4339
11.4084
11.9428
12.1691
12.1597
12.1769
12.0497
12.1015
11.8798
11.8848
11.8931
11.7304
11.7841
11.7617
11.7469
11.7398
11.7388
11.7416
11.7536
11.6583
11.6001
11.6246
11.6219
11.6206
11.6254
11.6235
11.6226
11.5561
11.5867
11.6278
11.6921
11.6019
11.5202
11.4709
11.4602
11.4508
11.4806
11.4585
11.5366
11.5487
11.5467
11.6257
11.6093
11.5539
11.4991
11.5144
11.5141
11.5518
11.531
11.5918
11.5674
11.4881
11.457
11.4717
11.4567
11.4581
11.3903
11.3958
11.3983
11.4028
11.3382
11.345
11.3495
11.3475
11.3469
11.3262
11.2861
11.2213
11.2265
11.1348
11.0826
10.9919
10.9129
11.0078
11.0554
11.0344
11.0365
10.9874
10.9939
11.0008
11.0704
11.1341
11.1788
11.1026
11.0569
11.0485
11.1203
11.1186
11.0316
11.0543
11.1312
11.1248
11.1147
11.113
11.1114
11.1335
11.168
11.219
11.1984
11.2671
11.2234
11.3306
11.389
11.2989
11.3116
11.3157
11.3129
11.3316
11.3448
11.3646
11.3608
11.3742
11.3883
11.4414
11.4267
11.3903
11.395
11.4578
11.5153
11.4968
11.4947
11.5008
11.5089
11.5098
11.5196
11.5129
11.5155
11.5272
11.536
11.5423
11.6262
11.6112
11.6233
11.7019
11.7244
11.7553
11.7499
11.7294
11.7213
11.7
11.7011
11.6965
11.6051
11.5579
11.6239
11.6664
11.6594
11.6603
11.66
11.6517
11.6438
11.6464
11.5775
11.5893
11.5842
11.5909
11.5843
11.5108
11.4453
11.4291
11.4319
11.4365
11.3775
11.3445
11.3137
11.2817
11.2993
11.3135
11.2379
11.2547
11.2519
11.2291
11.2929
11.357
11.2935
11.2347
11.1976
11.1726
11.1397
11.1547
11.1525
11.141
11.2006
11.13
11.1243
11.0409
10.9765
11.0046
11.0082
11.0239
11.0408
10.9571
11.0323
11.0731
11.083
11.0936
11.098
11.0376
11.1141
11.0922
11.0922
11.1037
11.1015
11.0938
11.1549
11.2206
11.1945
11.2264
11.1959
11.1291
11.1534
11.1455
11.1522
11.1423
11.1741
11.2335
11.3021
11.3444
11.3947
11.3884
11.3682
11.4352
11.427
11.4084
11.4109
11.4187
11.3343
11.333
11.3296
11.3366
11.3411
11.2749
11.285
11.2851
11.2947
11.2905
11.3561
11.3509
11.3367
11.4122
11.4016
11.4181
11.367
11.4368
11.4023
11.4142
11.4225
11.4278
11.443
11.4363
11.4471
11.4389
11.4297
11.3556
11.355
11.2767
11.3478
11.3945
11.3922
11.3835
11.3813
11.3818
11.3268
11.2468
11.2801
11.2808
11.2739
11.272
11.3033
11.3156
11.3089
11.3048
11.3551
11.2788
11.212
11.1823
11.1736
11.0987
11.0318
11.0308
11.0217
11.0291
11.0164
11.0131
11.0145
11.0849
11.0835
11.109
11.121
11.1476
11.1766
11.1795
11.2524
11.3237
11.2835
11.283
11.2848
11.2095
11.2577
11.2333
11.1654
11.1065
11.1374
11.128
11.2301
11.2518
11.1742
11.2777
11.2722
11.3102
11.3039
11.3418
11.3389
11.4102
11.341
11.3391
11.2721
11.1894
11.1847
11.163
11.1409
11.2089
11.1201
11.0722
11.0385
11.0632
11.0656
11.0806
11.0358
11.0156
11.0861
11.143
11.1178
11.2037
11.1784
11.1128
11.1222
11.0522
11.1272
11.1053
11.1196
11.099
11.0539
10.997
11.0379
11.044
11.1122
11.1865
11.1889
11.1919
11.1262
11.0639
11.0685
11.16
11.1956
11.1725
11.1835
11.1867
11.1983
11.3028
11.3486
11.4029
11.4479
11.5165
11.4634
11.5806
11.7264
11.7154
11.7196
11.7469
11.6845
11.6919
11.743
11.8007
11.8393
11.8343
11.7613
11.7609
11.7576
11.762
11.8289
11.8727
11.856
11.8306
11.8422
11.8476
11.8383
11.9038
11.934
11.8481
11.7358
11.6856
11.6356
11.5628
11.6102
11.5694
11.4941
11.5383
11.5253
11.4961
11.4922
11.4164
11.3973
11.3803
11.3715
11.3728
11.3827
11.3831
11.3813
11.3774
11.3767
11.3973
11.4824
11.4786
11.4791
11.4137
11.4146
11.412
11.4216
11.4184
11.4906
11.489
11.4312
11.368
11.4041
11.4345
11.4474
11.3877
11.331
11.3517
11.4437
11.4385
11.4926
11.4477
11.4721
11.4063
11.492
11.5021
11.535
11.5716
11.586
11.575
11.506
11.4376
11.4633
11.5402
11.4734
11.4281
11.431
11.3824
11.3984
11.4018
11.4683
11.5418
11.5053
11.4075
11.3993
11.4044
11.4766
11.464
11.4623
11.481
11.4581
11.531
11.4384
11.52
11.5062
11.4952
11.4741
11.442
11.4363
11.4521
11.4517
11.5201
11.4915
11.4797
11.5533
11.6026
11.5355
11.5237
11.505
11.501
11.495
11.491
11.4973
11.5114
11.5101
11.57
11.5588
11.5548
11.5345
11.5815
11.5852
11.5251
11.5967
11.5264
11.5342
11.5503
11.5391
11.5468
11.4841
11.5002
11.5994
11.6199
11.5687
11.5194
11.5497
11.5657
11.6678
11.7433
11.7034
11.73
11.7546
11.7027
11.7158
11.7143
11.7358
11.7524
11.7698
11.7669
11.7148
11.6574
11.5906
11.6016
11.6193
11.607
11.6281
11.636
11.6592
11.6755
11.7501
11.6709
11.5805
11.5954
11.6473
11.7061
11.6759
11.668
11.6402
11.6458
11.6895
11.6956
11.6883
11.7281
11.7115
11.7623
11.6646
11.6503
11.6229
11.6233
11.6676
11.645
11.6487
11.7042
11.6121
11.6945
11.5885
11.5817
11.5462
11.5144
11.489
11.5397
11.592
11.4891
11.4999
11.4245
11.3578
11.2941
11.282
11.1963
11.1223
11.0548
11.0146
11.0404
11.0427
11.0476
11.1195
11.1158
11.0513
11.0601
11.0773
11.1616
11.1466
11.1507
11.2037
11.1861
11.1829
11.103
11.0826
11.1055
11.038
10.9793
10.91
10.9004
10.8915
10.9504
11.0194
11.0755
11.0685
11.0659
11.1384
11.1721
11.1355
11.1217
11.1327
11.1549
11.2413
11.2921
11.4288
11.3601
11.4202
11.4614
11.5794
11.6289
11.6951
11.7848
11.9026
12.0184
12.1241
12.1655
12.1979
12.3501
12.4869
12.6137
12.6672
12.722
12.7961
12.8334
12.8852
13.0155
12.9728
12.9789
13.0462
12.9841
12.9764
12.8923
12.7623
12.7255
12.6684
12.7368
12.65
12.5912
12.5424
12.4665
12.3435
12.1863
12.1528
12.076
11.9891
11.9231
11.8848
11.7245
11.5988
11.541
11.4071
11.365
11.2688
11.2178
11.1613
11.0946
11.1202
11.121
11.1208
11.1726
11.0884
11.1588
11.204
11.0982
11.1101
11.081
11.0084
11.009
11.0005
10.9951
11.0592
11.0523
10.9712
11.0132
11.0107
11.0047
11.0725
11.138
11.1279
11.1484
11.2071
11.1138
11.1252
11.1403
11.1563
11.1708
11.1615
11.1438
11.138
11.1385
11.1945
11.1744
11.1647
11.2522
11.224
11.238
11.3025
11.3008
11.3054
11.3036
11.3041
11.3775
11.4281
11.4357
11.3853
11.4218
11.4161
11.4127
11.4855
11.4703
11.4986
11.5165
11.534
11.5226
11.5141
11.5067
11.4603
11.4152
11.4284
11.4444
11.3805
11.3918
11.3907
11.3902
11.4058
11.4067
11.4272
11.4889
11.4862
11.5375
11.5786
11.6171
11.6466
11.6131
11.6137
11.6207
11.6296
11.6361
11.6378
11.6357
11.6255
11.6269
11.5654
11.5795
11.5976
11.6242
11.6203
11.6199
11.5752
11.5793
11.6959
11.7074
11.7124
11.707
11.6938
11.6965
11.6962
11.5753
11.6026
11.5523
11.4397
11.4068
11.3294
11.3454
11.4223
11.3887
11.3899
11.3976
11.4017
11.413
11.4229
11.4812
11.5288
11.5236
11.5185
11.5082
11.5704
11.6367
11.6677
11.659
11.6331
11.6289
11.6473
11.6476
11.6573
11.6638
11.6678
11.743
11.7343
11.7546
11.8279
11.826
11.8972
11.8909
11.8794
11.8876
11.8906
11.8971
11.881
11.876
11.8667
11.8799
11.8768
11.8709
11.8629
11.8432
11.8626
11.8448
11.8459
11.8325
11.8372
11.8128
11.7886
11.8009
11.7927
11.7836
11.7805
11.7785
11.7653
11.7689
11.7621
11.7568
11.6742
11.6741
11.6847
11.6665
11.6681
11.5788
11.5992
11.5291
11.5402
11.5225
11.5181
11.5134
11.5192
11.5261
11.5183
11.527
11.5256
11.5264
11.5127
11.4715
11.5018
11.5281
11.5613
11.5963
11.5286
11.5441
11.4806
11.4855
11.4278
11.4553
11.4623
11.4804
11.4675
11.4758
11.4784
11.5605
11.5494
11.619
11.5385
11.4922
11.5218
11.5314
11.5252
11.4593
11.4574
11.4622
11.4672
11.4093
11.3543
11.4197
11.4074
11.4045
11.389
11.3479
11.4088
11.3231
11.3213
11.2564
11.2594
11.2534
11.3213
11.2939
11.2345
11.2462
11.2406
11.2358
11.2412
11.2437
11.3264
11.4034
11.4051
11.4112
11.4423
11.5375
11.5683
11.5836
11.5134
11.6014
11.6531
11.6465
11.6355
11.6125
11.5932
11.6075
11.6099
11.6114
11.6897
11.7552
11.8164
11.7996
11.8046
11.8078
11.8722
11.8041
11.7514
11.7241
11.7328
11.7247
11.7359
11.6594
11.6418
11.6401
11.6112
11.5861
11.5593
11.5481
11.6192
11.6006
11.5408
11.551
11.5676
11.5784
11.5838
11.508
11.5221
11.5958
11.6054
11.6063
11.6097
11.6218
11.6228
11.6387
11.6635
11.7408
11.7979
11.8376
11.7659
11.712
11.6545
11.7415
11.7072
11.7403
11.7543
11.7736
11.7216
11.7641
11.7805
11.7415
11.8507
11.9023
11.9324
12.074
12.0645
12.1221
12.1032
12.1062
12.0733
12.0335
12.0347
12.0981
12.177
12.2381
12.3066
12.3856
12.3501
12.4315
12.5685
12.5786
12.7065
12.7354
12.8222
12.8471
12.9335
12.9453
13.0587
13.0624
13.0007
13.1073
13.0341
12.992
12.9549
12.8178
12.8419
12.8753
12.908
12.9207
12.962
12.9379
12.9593
12.9026
12.7683
12.7197
12.5701
12.5229
12.58
12.5103
12.4677
12.5522
12.4253
12.3362
12.3061
12.272
12.1372
12.1476
12.1092
12.0163
12.1011
12.0763
12.0941
12.1307
12.1602
12.1101
12.1441
12.1754
12.1953
12.139
12.1536
12.1666
12.1913
12.1536
12.2343
12.2366
12.3201
12.2319
12.2489
12.2395
12.2299
12.206
12.2579
12.3081
12.3006
12.2132
12.2608
12.2314
12.2152
12.284
12.2572
12.1539
12.19
12.1481
12.1308
12.1782
12.1512
12.136
12.1093
12.1442
12.0473
12.0272
12.0005
12.0272
12.0018
11.9846
11.9631
11.9605
11.9254
11.9152
11.8963
11.8908
11.8818
11.8725
11.8695
11.9436
11.8679
11.8601
11.8515
11.7626
11.7638
11.8351
11.7503
11.765
11.7004
11.612
11.6021
11.5727
11.5583
11.5698
11.6257
11.6918
11.6848
11.6819
11.691
11.6957
11.7222
11.69
11.7335
11.7358
11.7323
11.7276
11.7218
11.7163
11.7129
11.6359
11.7171
11.6461
11.6766
11.6819
11.6759
11.677
11.7516
11.74
11.8163
11.8319
11.7602
11.7163
11.6907
11.6308
11.6546
11.657
11.5864
11.5819
11.5728
11.5609
11.5369
11.6295
11.5978
11.6255
11.6593
11.695
11.724
11.7402
11.7248
11.7872
11.6969
11.7683
11.7393
11.7353
11.7484
11.7705
11.7777
11.7709
11.6821
11.7035
11.7873
11.8433
11.8864
11.9684
11.9643
11.8894
11.9605
11.9697
11.9759
11.9029
11.9078
11.9042
11.9049
11.9038
11.8876
11.8509
11.8265
11.8114
11.8183
11.8302
11.8437
11.7874
11.7648
11.8505
11.8526
11.8303
11.8279
11.7618
11.8426
11.892
11.8825
11.8827
11.8855
11.8564
11.7757
11.845
11.849
11.8563
11.883
11.9554
11.8845
11.8967
11.8946
11.8914
11.8838
11.9015
11.9023
11.9148
11.8481
11.8612
11.9816
12.0272
11.9861
11.9685
11.8806
11.8878
11.889
11.9443
11.8523
11.8479
11.84
11.8258
11.8107
11.8035
11.8733
11.8709
11.872
11.7908
11.6996
11.6647
11.7054
11.685
11.621
11.618
11.6178
11.6282
11.635
11.6123
11.7106
11.6203
11.5855
11.524
11.6055
11.5929
11.6599
11.6482
11.5729
11.5857
11.6654
11.5975
11.6012
11.5292
11.4578
11.4078
11.4078
11.4182
11.3406
11.4107
11.4721
11.512
11.5473
11.5387
11.5866
11.5638
11.5692
11.5542
11.538
11.5466
11.442
11.5181
