1.09981
119.826
151.787
167.802
176.186
182.13
186.831
190.633
193.049
194.942
196.295
197.486
198.547
199.601
200.216
200.829
201.488
202.023
202.56
203.001
203.378
203.693
204.032
204.316
204.619
205.061
205.356
205.578
205.759
205.864
212.895
211.95
211.773
211.552
211.599
211.599
211.45
211.298
211.228
211.143
211.229
211.245
211.185
211.063
211.21
211.232
211.148
211.224
211.137
211.149
211.174
211.25
211.216
211.335
211.315
211.221
211.165
211.118
211.218
211.306
211.276
211.331
211.384
211.523
211.563
211.54
211.477
211.468
211.459
211.497
211.422
211.433
211.499
211.587
211.465
211.506
211.581
211.489
211.534
211.59
211.599
211.57
211.587
211.549
211.576
211.605
211.629
211.679
211.639
211.609
211.615
211.645
211.792
211.733
211.674
211.714
211.765
211.695
211.794
211.769
211.864
211.862
211.876
211.907
211.929
211.91
211.882
212.01
212.029
212.001
212.035
212.075
212.028
212.025
212.127
212.136
212.195
212.227
212.159
212.176
212.279
212.278
212.14
212.173
212.268
212.273
212.46
212.653
212.69
212.88
212.852
212.95
212.999
213.047
213.092
213.149
213.204
213.102
213.037
213.079
213.046
213.039
213.162
213.1
212.951
212.861
212.871
212.815
213.052
213.03
212.933
212.886
212.856
212.817
212.819
212.813
212.647
212.492
212.411
212.306
212.245
212.237
212.326
212.34
212.38
212.314
212.319
212.396
212.476
212.417
212.508
212.523
212.521
212.47
212.514
212.465
212.508
212.545
212.346
212.445
212.739
212.723
212.818
212.895
212.903
212.892
212.915
212.89
212.852
212.903
212.968
212.878
212.867
212.755
212.806
212.902
212.913
213.016
213.542
214.155
214.749
215.413
216.065
216.775
217.358
218.114
218.635
219.298
219.971
220.586
220.963
221.72
222.297
222.902
223.45
224.174
224.765
225.374
226.097
226.628
227.273
227.853
228.236
228.815
229.344
229.962
230.591
231.119
231.225
231.257
231.149
231.036
230.952
230.9
230.885
230.858
230.866
230.776
230.692
230.683
230.681
230.556
230.48
230.548
230.641
230.551
230.557
230.714
230.687
230.76
230.776
230.886
230.962
231.125
231.189
231.173
231.173
231.136
231.049
231.009
230.978
230.946
230.949
231.001
231.015
230.965
230.929
231.04
231.042
230.984
231.019
231.045
231.148
231.041
231.05
231.05
231.144
231.047
231.133
231.101
231.196
231.175
231.207
231.17
231.138
231.098
231.081
231.061
231.16
231.251
231.402
231.45
231.418
231.464
231.461
231.534
231.504
231.415
231.425
231.467
231.411
231.384
231.362
231.471
231.427
231.473
231.397
231.363
231.316
231.278
231.209
231.247
231.313
231.259
231.245
231.298
231.236
231.275
231.221
231.093
230.977
230.976
231.001
230.945
230.97
230.866
230.922
230.957
230.954
230.894
230.886
230.973
230.93
230.861
230.91
230.859
230.978
231.04
231.048
231.108
231.044
231.044
230.99
230.973
231.048
231.078
231.245
231.272
231.419
231.561
231.646
231.764
231.935
231.99
232.105
232.13
232.231
232.322
232.438
232.492
232.57
232.587
232.662
232.639
232.493
232.505
232.467
232.538
232.57
232.61
232.665
232.66
232.695
232.751
232.597
232.58
232.472
232.487
232.415
232.351
232.373
232.315
232.17
232.165
232.084
232.083
231.95
231.937
231.794
231.841
231.714
231.611
231.496
231.456
231.476
231.417
231.313
231.299
231.148
231.091
231.089
231.037
230.934
230.965
231.111
231.017
230.994
231.071
231.091
231.015
231.065
231.096
231.143
231.139
231.059
231.099
231.19
231.143
231.276
231.319
231.401
231.497
231.574
231.607
231.607
231.578
231.566
231.441
231.576
231.571
231.566
231.593
231.69
231.659
231.609
231.656
231.59
231.349
231.241
231.362
231.228
231.187
231.096
231.039
231.142
231.1
231.102
231.067
230.933
230.877
230.784
230.793
231.078
232.463
234.351
236.427
237.477
237.784
237.773
237.75
237.779
237.755
237.742
237.754
237.819
237.805
237.947
237.947
238.111
238.103
238.158
238.19
238.272
238.199
238.227
238.213
238.155
238.095
238.256
238.214
238.336
238.237
237.994
236.641
234.858
232.85
231.964
231.751
231.687
231.627
231.62
231.683
231.678
231.664
231.632
231.682
231.666
231.804
231.648
231.596
231.609
231.555
231.64
231.739
231.66
231.642
231.747
231.868
231.769
231.838
231.851
231.991
231.993
231.852
231.769
231.838
231.684
231.571
231.685
231.804
231.785
231.677
231.706
231.661
231.616
231.506
231.448
231.404
231.629
231.688
231.702
231.746
231.657
231.7
231.768
231.915
231.847
231.83
231.803
231.831
231.794
231.785
231.798
231.909
232.005
231.942
232.07
232.138
232.038
231.961
231.959
232.038
232.057
232.141
232.254
232.317
232.409
232.429
232.38
232.44
232.475
232.509
232.597
232.58
232.589
232.485
232.404
232.455
232.547
232.554
232.576
232.55
232.504
232.502
232.493
232.536
232.471
232.537
232.493
232.625
232.621
232.551
232.623
232.598
232.446
232.407
232.301
232.341
232.27
232.192
232.19
232.132
232.127
232.079
232.121
232.137
232.221
232.071
232.195
232.185
232.156
232.168
232.209
232.295
232.3
232.279
232.337
232.377
232.367
232.218
232.251
232.279
232.188
232.095
232.203
232.201
232.295
232.31
232.268
232.327
232.27
232.295
232.22
232.353
232.332
232.337
232.343
232.434
232.325
232.255
232.322
232.274
232.203
232.097
232.105
232.322
232.234
232.214
232.267
232.378
232.331
232.364
232.257
232.271
232.147
232.109
231.996
231.901
231.921
231.801
231.723
231.735
231.632
231.458
231.344
231.424
231.393
231.399
231.361
231.395
231.249
231.151
231.179
231.3
231.225
231.028
231.027
230.948
230.94
230.822
230.84
230.885
230.957
231.028
231.058
231.186
231.166
231.132
231.129
231.154
231.257
231.245
231.368
231.483
231.505
231.6
231.708
231.703
231.731
231.651
231.692
231.79
231.753
231.637
231.678
231.648
231.677
231.6
231.604
231.598
231.594
231.523
231.538
231.479
231.504
231.407
231.437
231.518
231.389
231.297
231.186
231.08
231.064
231.018
231.061
230.891
230.76
230.749
230.723
230.806
230.817
230.796
230.838
230.889
230.818
230.84
230.789
230.839
230.909
231.258
231.652
231.788
231.793
231.782
231.861
231.912
232.008
232.015
232.152
232.232
232.344
232.383
232.331
232.267
232.275
232.258
232.346
232.358
232.255
232.207
232.235
232.272
232.244
232.117
232.083
232.097
232.104
232.243
232.221
231.933
231.554
231.466
231.425
231.473
231.367
231.386
231.333
231.197
231.151
231.083
231.082
231.154
231.15
231.158
231.046
230.997
230.843
230.738
230.886
230.909
230.931
230.826
230.761
230.921
231.016
230.925
230.918
230.875
230.792
230.855
230.797
230.755
230.7
230.739
230.752
230.733
230.662
230.752
230.72
230.779
230.624
230.56
230.608
230.634
230.743
230.78
230.789
230.897
230.803
230.77
230.755
230.876
230.851
230.788
230.783
230.863
230.828
230.755
230.669
230.538
230.576
230.621
230.685
230.564
230.617
230.625
230.668
230.695
230.691
230.734
230.849
230.903
230.796
230.833
230.727
230.788
230.779
230.627
230.568
230.613
230.564
230.44
230.518
230.459
230.411
230.433
230.589
230.575
230.674
230.825
230.745
230.658
230.614
230.637
230.547
230.45
230.539
230.55
230.571
230.471
230.494
230.543
230.727
230.826
230.931
230.881
231.048
231.146
231.283
231.282
231.36
231.396
231.451
231.52
231.602
231.532
231.473
231.485
231.525
231.458
231.548
231.597
231.701
231.751
231.805
231.864
231.808
231.742
231.799
231.849
231.8
231.723
231.637
231.45
231.375
231.478
231.406
231.415
231.344
231.413
231.381
231.44
231.351
231.402
231.391
231.34
231.276
231.351
231.256
231.283
231.27
231.246
231.239
231.27
231.248
231.248
231.249
231.351
231.351
231.364
231.444
231.469
231.465
231.489
231.475
231.45
231.364
231.313
231.344
231.271
231.241
231.264
231.314
231.253
231.174
231.208
231.249
231.239
231.31
231.228
231.261
231.268
231.273
231.289
231.338
231.366
231.422
231.368
231.281
231.362
231.365
231.398
231.379
231.462
231.577
231.576
231.728
231.934
232.07
232.069
232.083
232.068
232.05
232.066
232.165
232.22
232.169
232.012
232.089
232.218
232.163
232.288
232.215
232.203
232.292
232.415
232.43
232.427
232.473
232.366
232.286
232.362
232.397
232.453
232.424
232.438
232.447
232.383
232.204
232.215
232.344
232.395
232.51
232.463
232.502
232.594
232.722
232.922
232.936
232.966
233.004
233.041
233.182
233.182
233.206
233.221
233.248
233.321
233.489
233.604
233.664
233.642
233.659
233.667
233.786
233.755
233.691
233.705
233.847
233.94
233.919
233.915
233.839
233.95
233.817
233.655
233.688
233.559
233.51
233.403
233.391
233.348
233.265
233.206
233.134
233.097
233.047
233.085
233.008
233.062
232.998
232.868
232.803
232.79
232.726
232.819
232.869
232.747
232.719
232.609
232.584
232.618
232.677
232.523
232.546
232.552
232.502
232.498
232.492
232.433
232.396
232.274
232.246
232.164
232.13
231.996
231.854
231.749
231.666
231.468
231.508
231.574
231.554
231.427
231.332
231.099
231.093
231.159
231.106
231.14
231.115
230.936
230.818
230.943
231.001
231.081
231.137
231.121
231.156
231.157
231.121
231.201
231.197
231.238
231.158
231.203
231.279
231.189
231.139
231.186
231.184
231.192
231.24
231.327
231.29
231.403
231.313
231.356
231.305
231.173
231.169
231.223
231.379
231.385
231.421
231.38
231.345
231.364
231.345
231.42
231.473
231.333
231.304
231.359
231.352
231.35
231.294
231.357
231.329
231.353
231.38
231.351
231.371
231.364
231.502
231.476
231.513
231.425
231.457
231.601
231.591
231.567
231.371
231.303
231.128
231.09
231.03
230.976
230.969
230.877
230.885
230.906
230.938
230.924
230.925
230.859
231.023
231.022
231.054
231.075
230.952
230.779
230.688
230.738
230.681
230.624
230.649
230.572
230.527
230.409
230.32
230.298
230.42
230.369
230.515
230.574
230.628
230.678
230.693
230.739
230.704
230.825
230.76
230.654
230.728
230.677
230.491
230.575
230.562
230.563
230.675
230.817
230.791
230.649
230.69
230.771
230.736
230.778
230.718
230.867
230.922
230.982
230.979
230.933
230.853
230.881
230.803
230.796
231.005
231.178
231.372
230.865
230.365
229.853
229.347
228.917
228.463
227.968
227.497
226.933
226.388
225.928
225.416
224.911
224.201
223.538
222.856
222.339
221.943
221.213
220.663
220.023
219.434
218.923
218.37
217.805
217.28
216.745
216.122
215.447
214.752
214.579
214.612
214.714
214.637
214.694
214.586
214.517
214.976
215.572
216.209
217.447
217.707
217.952
218.358
219.055
219.631
220.005
220.489
221.024
