16.4062
15.8597
15.3814
15.2787
15.1311
15.0224
15.3147
15.1508
15.0516
14.9815
14.9115
14.9669
14.8997
15.2268
15.1568
15.1105
15.0466
15.0454
14.9715
14.9236
14.8886
14.8649
14.8414
14.8184
14.802
14.8923
14.8745
14.8514
14.8355
14.8174
14.7495
14.7193
14.7211
14.6976
14.6998
14.7012
14.7903
14.7961
14.7965
14.8018
14.9652
14.917
14.9163
14.7476
14.7588
14.7704
14.7802
14.7608
14.7882
14.8043
14.7954
14.7939
14.796
14.8038
14.8071
14.7258
14.7569
14.8586
14.8506
14.8433
14.8373
14.8315
14.8212
14.8179
14.8697
14.8538
14.6966
14.7001
14.6998
14.6884
14.5227
14.5402
14.548
14.5402
14.5305
14.5214
14.5239
14.5165
14.5137
14.5066
14.5244
14.5211
14.5142
14.4989
14.4965
14.478
14.4485
14.3498
14.3619
14.3624
14.3979
14.3921
14.4054
14.3997
14.4914
14.484
14.454
14.4731
14.4713
14.4784
14.544
14.5275
14.5898
14.5932
14.5948
14.5908
14.5881
14.5873
14.5797
14.5864
14.7296
14.7304
14.7337
14.715
14.7206
14.7342
15.0553
15.1091
15.2564
15.2792
15.2548
15.3408
15.5564
15.5688
15.5487
15.5723
15.5775
15.5595
15.5681
15.5718
15.517
15.5281
15.4664
15.4709
15.4703
15.4701
15.4697
15.6081
15.6075
15.6092
15.4643
15.4772
15.5166
15.546
15.5393
15.5348
15.221
15.1632
15.0041
14.9887
15.001
14.9225
14.6951
14.8117
14.6776
14.6761
14.6777
14.6781
14.6702
14.8281
14.8243
14.8184
14.8271
14.8269
14.8338
14.8365
14.8427
14.7027
14.7038
14.6863
14.6764
14.6648
14.7552
14.7421
14.7177
14.7125
14.6907
14.7028
14.709
14.7026
14.6716
14.6691
14.6883
14.6039
14.6214
14.6175
14.6228
14.6253
14.6252
14.4576
14.4611
14.4603
14.4503
14.4434
14.4395
14.4459
14.4383
14.4472
14.4546
14.4656
14.6112
14.7535
14.6152
14.6092
14.6356
14.6403
14.6615
14.6506
14.6737
14.6815
14.7039
14.7025
14.6939
14.6583
14.6228
14.6216
14.608
14.6106
14.6048
14.6118
14.6052
14.6079
14.6119
14.6132
14.6093
14.5958
14.598
14.6107
14.6079
14.6008
14.462
14.3304
14.3537
14.3863
14.3893
14.3907
14.3888
14.3979
14.3854
14.3891
14.4032
14.4181
14.4216
14.4304
14.4557
14.458
14.4711
14.5345
14.6403
14.6566
14.6611
14.6682
14.6735
14.6921
14.691
14.6908
14.708
14.6959
14.7006
14.7139
14.7152
14.7117
14.7081
14.7019
14.7036
14.7054
14.7013
14.7028
14.8922
14.8882
14.8771
14.8752
14.8737
14.8796
14.8832
14.8902
14.8909
14.8234
14.7374
14.7292
14.7312
14.7251
14.7144
14.7025
14.7151
14.7245
14.7143
14.7207
14.727
14.7054
14.7084
14.7105
14.7079
14.708
14.8781
14.8773
14.8678
14.8596
14.6543
14.6549
14.6506
14.6436
14.6343
14.6278
14.6209
14.6111
14.608
14.6125
14.6033
14.594
14.5965
14.7223
14.7321
14.7319
14.7238
14.7179
14.7163
14.711
14.7051
14.7516
14.7548
14.7494
14.7456
14.7435
14.5685
14.5678
14.5697
14.6071
14.6208
14.629
14.6304
14.6344
14.6404
14.6553
14.6703
14.6877
14.6982
14.7142
14.7358
14.754
14.7679
14.6557
14.6661
14.6861
14.7819
14.7983
14.8144
14.8279
14.8445
14.8287
14.9796
14.9926
15.0329
15.052
15.0569
15.1035
15.1314
15.1266
15.1361
15.1551
15.1784
15.1942
15.2189
15.2127
15.2162
15.2314
15.2441
15.2481
15.2457
15.2467
15.2478
15.2978
15.3016
15.2985
15.2348
15.242
15.257
15.2914
15.2928
15.3164
15.1883
15.197
15.1755
15.1638
15.1748
15.1453
15.1364
15.1165
15.1626
15.1482
15.1225
15.1119
15.0831
15.1875
15.179
15.1666
15.1581
15.1454
15.1418
15.141
15.1344
15.0772
15.085
15.0831
15.1646
15.1558
15.3929
15.3454
15.3427
15.3147
15.3223
15.3114
15.3118
15.3182
15.3228
15.3619
15.3693
15.3758
15.3323
15.3652
15.3791
15.3836
15.3987
15.3116
15.3211
15.3245
15.4535
15.4552
15.4611
15.4636
15.4802
15.4967
15.506
15.508
15.412
15.4635
15.2005
15.21
15.2209
15.2421
15.2234
15.2417
15.2286
15.2197
15.2259
15.1959
15.1852
15.1583
15.172
15.1395
15.1298
15.1395
15.1295
15.1139
15.0951
15.0959
14.9667
14.9719
14.9697
14.9739
14.9627
14.9582
14.9427
14.9373
14.9422
14.8943
14.9154
14.9149
14.9007
14.8869
14.8986
14.8793
14.8955
14.9015
14.8947
14.8827
14.8838
14.9033
14.8898
14.9064
14.9234
14.9279
14.9327
14.9444
14.9565
14.9634
14.9658
14.9732
14.9799
14.9688
14.9849
15.1373
15.1518
15.1579
15.1529
15.1734
15.1761
15.1971
15.2105
15.2221
15.2062
15.2303
15.2352
15.2559
15.2672
15.4645
15.4984
15.5435
15.5698
15.6109
15.6475
15.684
15.7384
15.7728
16.0162
16.0231
16.0558
16.1017
16.1377
16.1963
16.2197
16.1053
16.1367
16.1744
16.2089
16.2735
16.2889
16.3203
16.3486
16.3811
16.4215
16.4408
16.6636
16.6777
16.685
16.5292
16.6079
16.5906
16.596
16.5752
16.5588
16.5108
16.4848
16.4577
16.2005
16.2523
16.2332
16.1784
16.1347
16.0744
16.0242
15.9832
15.9222
15.8842
15.8447
15.7474
15.6956
15.6398
15.5896
15.5416
15.4739
15.4369
15.2005
15.1631
15.1244
15.0812
14.9595
14.9314
14.8854
14.8508
14.8106
14.8499
14.8201
14.7911
14.7958
14.9199
14.8801
14.8594
14.8364
14.8072
14.8093
14.799
14.7999
14.774
14.7401
14.7406
14.776
14.7727
14.7618
14.7447
14.7355
14.7186
14.6968
14.6752
14.7257
14.7053
14.6961
14.6975
14.6855
14.6537
14.6348
14.5784
14.5563
14.5566
14.5622
14.3509
14.3564
14.4654
14.4769
14.5175
14.5765
14.5746
14.5722
14.597
14.6414
14.6616
14.6598
14.7143
14.7997
14.9184
14.9772
15.0097
15.0199
15.0599
15.0357
15.1432
15.1492
15.1787
15.2025
15.3513
15.6981
15.7178
15.7583
15.7514
15.7738
15.8022
15.8353
15.7567
15.7989
15.8053
15.7517
15.8004
15.9254
15.9236
15.8902
15.8693
15.8274
15.7566
15.6637
15.5321
15.4839
15.4314
15.417
15.3701
15.3309
15.2177
15.1907
15.1773
15.1382
14.98
14.6351
14.5915
14.5536
14.5253
14.4913
14.4475
14.4286
14.3875
14.2997
14.2514
14.223
14.1331
13.9883
13.9541
13.9526
13.934
13.9317
13.9391
13.948
13.9542
13.9535
13.9615
13.9603
13.9594
13.9994
14.0051
14.1347
14.1009
14.1164
14.2031
14.2127
14.2452
14.2502
14.2725
14.2659
14.2886
14.2659
14.2811
14.316
14.3229
14.4552
14.4873
14.5337
14.5472
14.565
14.6094
14.6199
14.6153
14.6244
14.7227
14.7223
14.7253
14.7553
14.7623
14.7261
14.7305
14.6279
14.6469
14.64
14.5908
14.5616
14.5343
14.539
14.5461
14.5536
14.5381
14.5431
14.5296
14.5312
14.5373
14.3838
14.3837
14.3624
14.3789
14.3733
14.3214
14.3215
14.3376
14.3471
14.2859
14.2962
14.2783
14.2702
14.3047
14.3144
14.3181
14.318
14.3289
14.3475
14.3278
14.3671
14.3933
14.464
14.4784
14.4691
14.4931
14.4789
14.51
14.498
14.5045
14.5445
14.5548
14.5511
14.5394
14.5567
14.5934
14.6079
14.6095
14.6058
14.5855
14.5941
14.6229
14.6204
14.6036
14.6048
14.7286
14.74
14.732
14.738
14.7891
14.8036
14.8106
14.7508
14.7835
14.7963
14.7912
14.8025
14.7751
14.7992
14.8074
14.8194
14.8372
14.8225
14.8384
14.8407
14.8393
14.8467
14.8552
14.8571
14.8638
14.8736
14.8967
14.9054
14.9112
14.9149
14.9817
14.9741
14.9626
14.9508
14.9161
14.8899
14.8886
14.886
14.8435
14.85
14.8782
14.9202
14.9726
14.9673
14.9792
15.0005
15.0058
15.0597
15.075
15.0501
15.0434
15.0329
15.0895
15.0745
15.0634
15.052
15.0274
15.0145
14.9879
15.1407
14.9373
14.9337
14.9357
14.9386
14.9262
14.9638
14.9627
14.9601
14.9651
14.9615
14.949
14.9199
14.881
14.8804
14.9283
14.9005
14.8971
14.8578
14.9057
14.9131
14.9061
14.913
14.8452
14.8567
15.0029
14.9888
15.0548
15.0647
15.0927
14.9428
14.9456
14.9562
14.9614
14.9762
14.9981
14.9856
15.0315
15.0346
15.0473
15.0555
15.0402
15.0506
15.0594
15.077
15.0049
15.0129
15.0048
15.01
15.0116
15.3329
15.3684
15.3815
15.4143
15.4511
15.3691
15.4232
15.4075
15.4349
15.4575
15.4999
15.5602
15.5913
15.634
15.6571
15.6751
15.7118
15.7011
15.7293
15.764
15.782
15.812
15.8758
15.9113
15.9363
15.9965
16.0242
16.0632
16.1075
16.0718
15.7969
15.8172
15.831
15.8667
15.8726
15.854
15.8781
15.8884
15.9434
15.9776
15.9809
15.9772
16.008
16.0157
16.0389
16.1624
16.1321
16.252
16.2468
16.2245
16.229
16.2285
16.1798
16.172
16.1567
16.1069
16.0942
16.0765
16.0564
16.0442
16.0314
16.0084
15.9876
15.9468
15.9807
15.9703
15.9915
15.9662
15.9142
15.8811
15.8773
15.8621
15.8417
15.8243
15.8227
15.7261
15.7757
15.6724
15.7273
15.7816
15.8337
15.9085
15.9669
16.0608
16.1623
16.287
16.3801
16.483
16.6025
16.7534
16.8517
16.9502
17.0507
17.1732
17.1991
17.2675
17.2924
17.348
17.3876
17.424
17.5566
17.5678
17.5633
17.5602
17.5378
17.5266
17.5032
17.4673
17.4363
17.408
17.3757
17.3139
17.2819
17.2074
17.1375
17.0705
17.058
16.9761
16.8636
16.7408
16.693
16.6202
16.5619
16.4644
16.4163
16.3784
16.3341
16.299
16.2951
16.3016
16.1981
16.252
16.2957
16.3434
16.4016
16.4486
16.5063
16.5659
16.6001
16.6365
16.7166
16.7897
16.8569
16.8898
16.9677
17.0286
17.0686
17.1286
17.209
17.2687
17.3176
17.387
17.4527
17.5184
17.5673
17.6008
17.6297
17.6658
17.6758
17.6688
17.6617
17.632
17.6066
17.5798
17.5376
17.4787
17.4304
17.3941
17.3599
17.3105
17.2333
17.3554
17.2768
17.2442
17.1517
17.0694
16.9601
16.9289
16.8498
16.757
16.7626
16.9594
16.8663
16.9028
16.8233
16.7487
16.6884
16.626
16.5925
16.5445
16.4998
16.4518
16.4195
16.628
16.5924
16.583
16.5372
16.5321
16.5827
16.5618
16.5345
16.3045
16.2866
16.2517
16.2657
16.245
16.264
16.3091
16.2907
16.2868
16.176
16.0856
16.0761
15.9274
15.9104
15.9263
15.9178
15.9208
15.8942
15.8983
15.8977
15.8996
15.8944
15.6534
15.795
15.815
16.0185
15.9946
15.9213
15.9239
15.9256
16.1219
16.1265
16.132
16.0939
16.1054
16.0736
15.9813
15.9919
16.0195
16.0233
15.8153
15.7866
15.7998
15.8101
15.8024
15.8057
15.9227
16.1417
16.1326
16.1296
16.1323
16.1281
16.1147
16.0169
15.9975
15.8113
15.8126
15.815
15.8163
15.9431
15.7602
15.7684
15.7729
15.7873
15.7923
15.7963
15.7991
15.7881
15.7649
15.7625
15.7805
15.827
15.8182
15.8321
15.8358
15.8435
15.7338
15.523
15.5307
15.5352
15.5526
15.5609
15.7081
15.6772
15.6653
15.6488
15.6703
15.6737
15.6879
15.6624
15.6733
15.6891
15.6925
15.7815
15.7966
15.7934
15.7954
15.8001
15.8125
15.826
15.8118
15.8041
15.8353
15.8424
15.8589
15.859
15.8579
15.8607
15.8767
15.9148
15.9062
15.9445
15.798
15.7977
15.8149
15.8333
15.821
15.812
15.8315
15.7393
15.7216
15.7402
15.7239
15.6201
15.6669
15.6613
15.6379
15.6425
15.6192
15.6067
15.6058
15.5948
15.5882
15.565
15.532
15.5755
15.5431
15.5214
15.4912
15.4373
15.4577
15.3977
15.4462
15.474
15.4937
15.5166
15.5414
15.5858
15.5775
15.6033
15.6396
15.6259
15.6923
15.6989
15.6293
15.7264
15.7615
15.7859
15.8273
15.8181
15.8037
15.8115
15.8057
15.8023
15.8031
15.746
15.8419
16.1388
16.1427
16.1546
16.1267
16.134
16.0883
16.0464
16.0178
