3.63987
3.1972
3.18029
3.4627
3.28977
3.49178
3.36007
3.89589
3.73688
3.83618
3.73959
3.65115
3.99883
3.89728
3.81295
3.73952
3.67549
3.60918
3.54846
3.50074
3.45166
3.41156
3.37781
3.38323
3.3414
3.35129
3.37269
3.3358
3.31533
3.34766
3.32091
3.35741
3.34095
3.28719
3.39296
3.424
3.44769
3.41225
3.41537
3.34687
3.34095
3.34172
3.2243
3.22198
3.21577
3.26426
3.2571
3.25684
3.41672
3.41678
3.56139
3.56352
3.56004
3.52313
3.64507
3.60303
3.55189
3.56626
3.55399
3.63946
3.6303
3.72962
3.71982
3.76587
3.65752
3.55513
3.52111
3.37639
3.39115
3.383
3.47786
3.47768
3.51014
3.50366
3.50376
3.45335
3.48957
3.49245
3.32778
3.44622
3.30535
3.45088
3.44505
3.44456
3.32928
3.33798
3.4497
3.4391
3.60704
3.46311
3.45764
3.31805
3.39316
3.3345
3.3341
3.33922
3.41449
3.4245
3.44277
3.58695
3.48345
3.61632
3.50924
3.59952
3.5934
3.60626
3.72855
3.72037
3.78431
3.66154
3.79615
3.63993
3.63935
3.64229
3.64052
3.78298
3.66642
3.67428
3.50449
3.5034
3.50574
3.50067
3.4238
3.42333
3.44191
3.45587
3.39363
3.38765
3.34505
3.3881
3.38446
3.29024
3.29787
3.20961
3.3766
3.35327
3.19201
3.1898
3.16387
3.21621
3.12018
3.16926
3.183
3.17718
3.17667
3.0324
3.18559
3.18451
3.39441
3.38694
3.38348
3.38086
3.38399
3.45701
3.4373
3.41766
3.51462
3.5154
3.53258
3.48108
3.51932
3.63455
3.62583
3.66911
3.54746
3.55571
3.55735
3.56415
3.5332
3.47707
3.43475
3.4663
3.45395
3.56749
3.56207
3.60955
3.45894
3.44817
3.33669
3.33868
3.33656
3.33237
3.33555
3.26944
3.44796
3.4531
3.47252
3.4707
3.45537
3.31403
3.31785
3.32193
3.31969
3.33385
3.29046
3.33399
3.33077
3.3286
3.33044
3.33111
3.41181
3.33952
3.34115
3.23074
3.28184
3.23654
3.26868
3.27728
3.36906
3.37103
3.44874
3.45839
3.45783
3.6779
3.50382
3.58835
3.46431
3.49706
3.5233
3.57857
3.54433
3.37508
3.56711
3.51805
3.51835
3.47854
3.48748
3.66203
3.67929
3.75599
3.67917
3.78559
3.788
3.92492
3.97101
3.9704
4.06322
4.06535
3.88136
3.88388
4.00668
4.00238
4.01892
3.79909
3.79561
3.75682
3.84156
3.81896
3.87416
3.83407
3.98035
3.98627
3.8009
3.80181
3.80876
3.98047
3.9844
3.84034
3.8312
3.7594
3.86089
3.87447
3.87861
3.87526
3.78522
3.79317
3.7961
3.79218
3.91537
3.91928
3.8185
3.82285
3.81522
3.84938
3.87566
3.83389
3.77377
3.78909
3.731
3.73472
3.68743
3.69082
3.82579
4.00075
4.16384
3.99493
3.99315
3.96844
4.01646
4.01825
3.92287
4.02116
4.01744
3.96313
3.97104
3.96223
4.02515
4.03134
3.96967
4.00655
3.9226
3.91957
4.09081
4.06989
4.04323
4.04678
4.03125
4.20696
4.19021
4.17932
4.10389
4.10028
4.01784
3.83774
3.72215
3.72091
3.78053
3.78184
3.75254
3.75123
3.79491
3.58208
3.60512
3.55493
3.58398
3.58941
3.40418
3.43016
3.59252
3.5522
3.61222
3.62045
3.45012
3.62203
3.62434
3.6592
3.65771
3.46546
3.49128
3.68196
3.66814
3.67948
3.63709
3.68193
3.6512
3.79743
3.73974
3.74241
3.71441
3.86539
3.82014
3.85436
3.83611
3.81322
3.78773
4.01944
4.02289
3.9948
3.77552
3.7974
3.75759
3.75754
3.75779
3.58017
3.72501
3.6859
3.70555
3.73213
3.73008
3.54612
3.5473
3.54234
3.54498
3.51002
3.63987
3.49612
3.53031
3.53701
3.54181
3.3987
3.39731
3.36887
3.3656
3.36856
3.36793
3.13568
3.37804
3.37892
3.38131
3.37071
3.54823
3.54907
3.56082
3.55828
3.5206
3.53184
3.65806
3.7573
3.73675
3.73755
3.74182
3.7432
3.87985
3.88295
3.74649
3.85425
3.8267
3.82192
3.82408
3.88985
3.88976
3.88629
4.08471
4.09228
4.08905
4.09752
3.85869
3.97962
3.98031
4.06084
3.86674
3.86639
3.85528
3.85697
3.84653
3.83988
3.74606
3.63422
3.78418
3.78994
3.78204
3.78595
3.65087
3.64932
3.88271
3.7758
3.77166
3.7683
3.77009
3.92975
3.93619
3.9935
3.80111
3.98374
3.98623
3.98665
3.99138
3.92309
3.92146
3.84269
4.03051
4.03447
4.03248
4.03849
3.95102
3.96436
4.08282
4.07674
3.9361
3.92994
3.92821
4.05041
4.04381
4.07127
3.89689
3.90564
4.00253
4.00543
4.01727
3.82345
3.82252
3.84509
3.84394
3.67626
3.78742
3.8685
3.85773
3.84022
3.84411
3.84293
3.66857
3.76558
3.96158
3.96047
3.95552
3.94278
3.86038
3.86109
3.87022
3.87843
3.88972
3.76029
3.81687
3.79918
3.73345
3.80826
3.72303
3.72732
3.71992
3.69351
3.72605
3.77036
3.7785
3.77404
3.66621
3.58041
3.64669
3.62672
3.63567
3.63667
3.65899
3.78629
3.59416
3.60569
3.61301
3.70765
3.62355
3.62204
3.62167
3.61787
3.62177
3.63807
3.58506
3.59462
3.65881
3.582
3.57665
3.57777
3.57064
3.67741
3.64173
3.54752
3.56544
3.55668
3.54965
3.574
3.61887
3.60701
3.59396
3.58475
3.56335
3.33891
3.34084
3.32251
3.31405
3.26364
3.26496
3.26045
3.23997
3.23373
3.25864
3.2788
3.28599
3.26023
3.22602
3.27835
3.26174
3.28054
3.28286
3.16551
3.26395
3.22943
3.20243
3.19302
3.18733
3.15423
3.07365
3.23562
3.25626
3.34352
3.3221
3.30839
3.294
3.47086
3.46133
3.41416
3.40633
3.39752
3.39292
3.41227
3.36582
3.34511
3.43989
3.42875
3.42836
3.35867
3.35311
3.31532
3.38161
3.4681
3.35607
3.35553
3.34297
3.33303
3.36792
3.35905
3.35124
3.21636
3.18284
3.09008
3.08168
3.08037
3.07352
2.88287
2.88337
2.882
2.8707
2.87195
2.87515
2.8522
2.84666
3.00688
2.8859
2.88906
2.84709
3.00985
3.01326
3.01585
2.94511
2.96378
2.96492
2.97039
2.996
2.99652
2.97921
3.14422
3.11884
3.08093
3.10654
3.10726
3.17098
3.32743
3.33117
3.37783
3.38008
3.3766
3.41415
3.41275
3.41074
3.40454
3.40638
3.25207
3.28659
3.29345
3.3008
3.29025
3.28536
3.28327
3.27328
3.23509
3.23639
3.25811
3.25166
3.25582
3.37026
3.20438
3.20237
3.19541
3.29757
3.29423
3.24718
3.11032
3.11162
3.19813
3.19519
3.18931
3.18123
3.18367
3.18345
3.18079
3.18758
3.29101
3.265
3.28711
3.29874
3.14534
3.14578
3.24796
3.2469
3.1749
3.16919
3.14392
3.15213
3.16327
3.03083
3.044
3.04067
3.09776
2.98772
2.98632
2.99404
2.9703
3.00265
2.90069
2.91158
2.92044
2.8922
2.89218
2.90705
2.91758
3.00754
2.876
2.90361
2.88902
2.87501
2.87861
2.9131
2.9322
2.94366
2.96596
3.00503
2.99453
3.02346
3.02813
3.04417
3.04625
3.05483
3.00687
3.00593
3.03042
3.02895
3.03867
3.03935
3.02314
3.0407
3.03635
3.15082
3.15359
3.13879
3.14134
3.05647
3.05433
3.06422
3.08278
3.11371
3.17949
3.15514
3.04412
3.03944
3.03179
3.0079
3.01788
2.9709
3.00082
2.98722
3.03105
3.20206
3.20243
3.21459
3.25036
3.23576
3.43527
3.53432
3.53015
3.51361
3.52297
3.42109
3.42528
3.43198
3.42644
3.55755
3.56615
3.52981
3.50292
3.47291
3.41184
3.41199
3.41012
3.41223
3.53529
3.5323
3.53786
3.56571
3.52743
3.55124
3.60563
3.4415
3.45881
3.4432
3.39222
3.40124
3.41642
3.29636
3.30485
3.30472
3.30756
3.3349
3.44636
3.45497
3.47158
3.37903
3.38545
3.47447
3.48255
3.5262
3.56542
3.57542
3.5753
3.71726
3.59112
3.61668
3.61612
3.59759
3.64126
3.73954
3.63487
3.63198
3.61391
3.75266
3.75745
3.74459
3.52757
3.51723
3.644
3.6386
3.6398
3.60407
3.48497
3.64167
3.61983
3.58062
3.58918
3.53564
3.59696
3.55814
3.51629
3.50292
3.54452
3.43642
3.5165
3.48615
3.47851
3.4658
3.55151
3.42891
3.42877
3.42711
3.42433
3.39536
3.39232
3.39631
3.40107
3.39942
3.27602
3.32664
3.32062
3.32426
3.32864
3.20988
3.23386
3.2357
3.21332
3.40497
3.34008
3.35821
3.3562
3.35875
3.32999
3.31432
3.25053
3.26087
3.30864
3.32598
3.20613
3.20581
3.22018
3.34546
3.35007
3.24123
3.24308
3.28588
3.42486
3.44826
3.44049
3.4123
3.40938
3.43041
3.4505
3.40715
3.39049
3.53417
3.54499
3.32058
3.32188
3.30748
3.38734
3.39489
3.39403
3.37962
3.3548
3.46013
3.4103
3.42937
3.41551
3.41257
3.5161
3.38521
3.4061
3.42522
3.41699
3.36316
3.22509
3.22045
3.21256
3.21721
3.25263
3.27833
3.25223
3.25976
3.25881
3.14568
3.25613
3.25135
3.25975
3.25413
3.17269
3.24511
3.34297
3.33444
3.34899
3.25112
3.25206
3.2156
3.40341
3.40928
3.28839
3.2967
3.37653
3.35537
3.391
3.41255
3.41247
3.59398
3.60393
3.58489
3.56345
3.52711
3.58506
3.6154
3.634
3.609
3.51771
3.52321
3.52224
3.5363
3.54509
3.53354
3.42366
3.45473
3.47523
3.47741
3.48267
3.56522
3.49962
3.50328
3.51702
3.52453
3.55712
3.56109
3.54176
3.54057
3.55026
3.36837
3.38353
3.40123
3.4057
3.49367
3.4763
3.46336
3.48536
3.49282
3.47882
3.50886
3.50956
3.51831
3.53686
3.49178
3.53007
3.55258
3.53042
3.52651
3.53358
3.49112
3.38854
3.39508
3.39644
3.39824
3.27896
3.28522
3.27698
3.44949
3.44677
3.47387
3.46557
3.58992
3.57698
3.4907
3.46854
3.55326
3.523
3.51465
3.51899
3.51413
3.52478
3.53668
3.53571
3.52363
3.56066
3.52101
3.55667
3.55578
3.59607
3.57309
3.65754
3.67288
3.7194
3.74314
3.79938
3.81158
3.88176
3.75197
3.83947
3.87479
3.91581
3.79212
3.86286
3.8719
3.88565
3.7979
3.89881
3.91236
3.9313
3.9426
3.95254
4.02335
4.0278
4.03836
3.98527
4.0054
4.01726
4.03302
3.98613
3.99227
3.89428
3.90312
3.87348
3.84874
3.78126
3.75609
3.89085
3.84145
3.76059
3.7023
3.69196
3.72246
3.68312
3.67187
3.64888
3.62825
3.71504
3.70058
3.67059
3.63565
3.60895
3.70748
3.68698
3.67331
3.65792
3.62983
3.60491
3.59058
3.59026
3.57126
3.56596
3.53496
3.50894
3.50424
3.54444
3.67305
3.47129
3.49933
3.50335
3.4899
3.45672
3.62692
3.59283
3.61952
3.6168
3.62228
3.45994
3.45704
3.45957
3.45664
3.64337
3.44173
3.44138
3.44018
3.59245
3.58973
3.56186
3.55256
3.68354
3.68828
3.6922
3.69795
3.69511
3.79606
3.78125
3.76687
3.76525
3.73312
3.71635
3.86071
3.85325
3.63454
3.63839
3.61387
3.67591
3.67775
3.64553
3.63894
3.78327
3.97646
3.78315
3.80201
3.79732
3.99543
3.84105
3.84656
3.84467
3.84629
3.74444
3.77397
3.77838
3.77454
3.77807
3.69927
3.70509
3.60332
3.60085
3.60699
3.61162
3.46851
3.48059
3.48893
3.49803
3.51447
3.45802
3.44936
3.45167
3.46207
3.33581
3.16837
3.17077
3.2076
3.22278
3.05525
3.06543
3.06982
3.09602
3.12108
3.11063
3.09865
3.09492
3.15514
3.15581
3.17419
3.1581
3.15357
3.17604
3.19835
3.22394
3.24713
3.2455
3.32683
3.31549
3.29584
3.29101
3.29974
3.38463
3.3854
3.37219
3.35568
3.3569
3.34057
3.37309
3.34762
3.3489
3.35713
3.44539
3.42142
3.41204
3.39944
3.39447
3.33592
3.34403
3.30125
3.32418
3.4499
3.43408
3.43723
3.42603
3.4099
3.47172
3.38227
3.48758
3.5061
3.54833
3.55864
3.4805
3.48304
3.54024
3.6191
3.63086
3.67147
3.67945
3.68308
3.6793
3.67323
3.56048
3.55913
3.59126
3.58717
3.6106
3.62751
3.64309
3.64543
3.65936
3.54274
3.5635
3.54748
3.53341
3.57761
3.54369
3.61507
3.51912
3.50454
3.47503
3.57863
3.57397
3.61494
3.55323
3.49503
3.48552
3.52481
3.61761
3.61021
3.60679
3.59963
3.69297
3.6965
3.66305
3.6631
3.66739
3.68784
3.68476
3.70471
3.66454
3.65147
3.6271
