0.786782
98.6611
131.418
148.511
158.67
165.089
169.839
173.086
175.469
177.749
179.377
180.835
182.109
183.103
183.902
184.664
185.516
186.047
186.542
187.011
187.426
187.817
188.165
188.557
188.85
189.133
189.402
189.644
189.84
190.001
196.495
196.468
196.416
196.282
196.185
196.173
196.106
196.11
196.104
196.011
196.025
196.025
195.968
196.032
196.139
196.201
196.064
196.082
196.069
196.06
196.025
196.012
195.959
195.896
195.892
195.893
195.79
195.734
195.744
195.795
195.789
195.778
195.788
195.857
195.876
195.836
195.796
195.849
195.865
195.833
195.846
195.768
195.771
195.689
195.554
195.502
195.555
195.585
195.638
195.633
195.667
195.656
195.721
195.816
195.794
195.962
196.025
196.053
196.062
196.049
196.099
196.146
196.168
196.052
196.037
196.038
196.06
196.016
196.043
196.118
196.118
196.131
196.235
196.288
196.352
196.352
196.401
196.416
196.42
196.461
196.565
196.497
196.678
196.786
197.012
197.024
197.241
197.277
197.198
197.212
197.193
197.208
197.104
197.215
197.397
197.398
197.487
197.627
197.55
197.49
197.455
197.415
197.252
197.145
197.146
197.076
197.012
196.95
196.862
196.773
196.656
196.688
196.433
196.198
195.938
195.792
195.57
195.542
195.55
195.57
195.546
195.44
195.485
195.364
195.159
195.062
195.007
194.784
194.798
194.779
194.768
194.832
194.863
194.93
194.857
195.121
195.272
195.428
195.56
195.595
195.551
195.566
195.599
195.776
195.908
196.034
196.27
196.392
196.409
196.441
196.526
196.634
196.759
197.044
197.05
197.05
197.1
197.21
197.284
197.263
197.266
197.21
197.454
197.561
197.668
197.422
197.298
197.086
197.069
197.036
197.073
196.999
197.02
196.869
196.705
196.456
196.198
196.074
196.084
196.019
195.868
195.763
195.702
195.439
195.448
195.523
195.554
195.615
195.731
195.74
195.899
195.874
195.694
195.504
195.394
195.378
195.25
195.274
195.123
195.048
195.143
195.212
195.211
195.093
195.069
195.191
195.311
195.276
195.458
195.44
195.53
195.591
195.562
195.667
195.661
195.774
195.657
195.499
195.334
195.399
195.194
195.306
195.168
195.304
195.369
195.345
195.376
195.416
195.476
195.509
195.446
195.463
195.54
195.622
195.779
195.663
195.569
195.51
195.433
195.368
195.244
195.461
195.533
195.495
195.486
195.477
195.573
195.65
195.801
195.737
195.833
195.882
195.975
195.933
196.121
196.389
196.436
196.546
196.515
196.656
196.838
196.856
196.844
196.89
196.91
197.007
197.248
197.407
197.32
197.48
197.636
197.752
197.685
197.936
198.055
197.923
197.743
197.718
197.527
197.473
197.647
197.584
197.555
197.807
197.659
197.455
197.44
197.277
197.347
197.268
197.033
196.962
196.844
196.814
196.66
196.833
196.544
196.431
196.407
196.3
196.233
196.014
196.234
196.123
196.159
196.153
196.203
196.187
196.251
196.303
196.168
196.102
196.128
195.784
195.685
195.687
195.651
195.776
195.695
195.769
195.73
195.823
195.832
195.762
195.799
195.581
195.66
195.614
195.624
195.625
195.57
195.499
195.302
195.162
194.945
194.971
195.097
195.179
195.405
195.531
195.436
195.564
195.638
195.739
195.888
195.933
195.939
196.101
196.254
196.335
196.397
196.329
196.391
196.469
196.487
196.541
196.819
197
197.085
197.064
197.152
197.161
197.132
197.084
197.139
197.053
197.136
197.095
196.822
196.707
196.782
196.718
196.591
196.531
196.448
196.362
196.525
196.305
196.166
196.082
196.029
196.058
196.024
196
195.997
196.052
195.808
195.738
195.782
195.866
196.093
196.204
196.169
196.226
196.223
196.34
196.223
196.272
196.252
196.239
196.232
196.19
196.346
196.39
196.355
196.346
196.439
196.46
196.704
196.616
196.749
196.952
197.284
197.46
197.531
197.442
197.389
197.407
197.265
197.22
196.922
196.851
196.825
196.802
196.758
196.656
196.582
196.537
196.631
196.754
196.679
196.713
196.569
196.565
196.57
196.661
196.438
196.454
196.255
196.36
196.267
196.052
195.699
195.562
195.453
195.472
195.529
195.507
195.68
195.717
195.834
195.703
195.896
195.929
195.971
196.1
196.156
196.125
196.187
196.266
196.278
196.346
196.404
196.326
196.256
196.182
196.215
196.14
196.158
196.038
196.099
196.126
196.156
196.116
196.143
196.027
196.003
196.001
195.857
195.8
195.706
195.808
195.668
195.574
195.598
195.503
195.504
195.493
195.475
195.324
195.434
195.394
195.383
195.505
195.506
195.621
195.526
195.617
195.726
195.85
195.754
195.683
195.647
195.675
195.679
195.767
195.646
195.898
195.912
195.863
195.834
195.794
195.749
195.829
195.774
195.75
195.653
195.724
195.608
195.669
195.512
195.507
195.481
195.703
195.762
195.61
195.79
195.684
195.66
195.752
195.826
195.941
196.062
196.093
196.191
196.146
196.311
196.003
196.062
196.295
196.467
196.666
196.785
196.753
196.842
197.109
197.091
197.071
197.04
196.919
197.242
197.292
197.461
197.364
197.422
197.53
197.721
197.8
197.634
197.526
197.445
197.473
197.471
197.413
197.435
197.479
197.476
197.546
197.436
197.193
197.145
196.857
196.671
196.608
197.061
196.862
196.977
197.132
197.201
197.558
197.402
197.378
197.209
197.127
197.199
197.16
197.151
197.396
197.413
197.365
197.553
197.858
197.853
197.874
197.758
197.828
197.86
197.773
197.978
198.306
198.274
198.267
198.62
198.703
198.163
198.183
198.123
197.952
197.938
197.688
197.812
197.732
197.789
197.904
197.823
197.794
197.554
197.293
197.315
197.235
197.097
196.744
196.618
196.604
196.579
196.476
196.361
196.361
196.255
195.9
195.802
196.091
195.909
196.005
195.947
195.922
195.91
195.838
196.018
196.001
195.749
195.732
195.651
195.329
195.297
195.259
195.141
195.112
195.13
195.239
195.233
195.24
195.353
195.346
195.447
195.663
195.63
195.675
195.618
195.754
195.84
195.659
196.013
196.009
196.179
196.272
196.248
196.266
196.188
196.098
196.186
196.253
196.587
196.808
196.743
196.771
196.861
196.808
196.845
196.765
196.841
196.758
196.72
196.694
196.645
196.518
196.556
196.569
196.528
196.458
196.476
196.369
195.924
195.789
195.76
195.734
195.808
195.753
195.598
195.677
195.598
195.633
195.38
195.191
195.298
195.299
195.264
195.369
195.291
195.275
195.398
195.41
195.564
195.717
195.651
195.779
195.81
196.086
196.143
196.168
196.224
196.314
196.354
196.361
196.242
196.182
196.051
196.093
196.221
196.259
196.566
196.479
196.627
196.723
196.679
196.679
196.746
196.78
196.867
196.848
196.573
196.609
196.375
196.213
196.349
196.065
195.989
195.639
195.582
195.658
195.591
195.504
195.388
195.297
195.43
195.478
195.559
195.598
195.456
195.341
195.066
195.015
194.971
194.895
194.848
194.861
194.883
194.707
194.621
194.651
194.711
194.721
194.727
194.807
194.793
194.883
194.845
195.105
195.302
195.166
195.196
195.192
195.394
195.761
195.722
195.703
195.823
196.109
196.341
196.431
196.373
196.344
196.304
196.543
196.59
196.541
196.465
196.538
196.697
196.777
197.307
197.268
197.501
197.573
197.758
197.991
198.313
198.324
198.286
198.519
198.686
198.761
198.665
198.427
198.337
198.268
198.124
197.78
197.655
197.603
197.647
197.686
197.822
197.645
198.364
198.985
199.246
199.389
199.374
199.652
199.227
199.412
199.359
199.464
199.332
199.324
199.144
198.919
198.848
198.769
198.673
198.714
198.917
198.871
198.971
198.927
199.035
199.056
199.079
199.125
199.08
199.111
198.911
198.846
198.143
197.539
197.294
197.066
196.902
196.662
196.537
196.301
196.253
196.229
196.06
195.918
195.882
195.855
195.932
195.78
195.596
195.528
195.27
195.355
195.291
195.467
195.41
195.414
195.329
195.343
195.573
195.798
195.689
195.812
195.852
195.937
195.943
195.991
196.004
195.992
195.981
196.107
196.048
195.887
195.861
195.781
195.687
195.723
195.603
195.723
195.706
195.784
195.777
195.642
195.805
195.877
196.185
196.309
196.428
196.317
196.244
196.272
196.31
196.264
196.129
196.164
196.197
196.254
196.221
196.18
196.15
196.054
196.159
196.176
196.21
196.161
196.246
196.239
196.24
196.168
196.354
196.338
196.438
196.548
196.366
196.257
195.897
195.872
195.765
195.868
195.735
195.583
195.696
195.883
196.201
196.166
196.197
196.215
196.415
196.633
196.855
197.313
197.442
197.423
197.488
197.583
197.564
197.626
197.697
197.811
197.701
197.713
197.633
197.643
197.745
197.733
197.827
197.771
197.87
197.838
197.825
197.845
197.764
197.535
197.303
197.308
197.199
197.227
197.059
196.982
197.026
196.589
196.351
196.312
196.404
196.303
196.38
196.439
196.408
196.25
196.221
196.266
196.276
196.265
196.247
196.21
196.21
196.15
196.257
196.451
196.497
196.354
196.322
196.349
196.335
196.319
196.398
196.42
196.546
196.416
196.301
196.286
196.379
196.407
196.479
196.773
196.823
196.924
197.109
197.21
197.258
197.151
197.156
197.237
197.171
197.305
197.313
197.315
197.161
196.881
196.863
196.841
196.88
196.788
196.97
196.892
196.826
196.738
196.603
196.51
196.45
196.48
196.317
196.23
196.084
195.833
195.652
195.457
195.264
195.305
195.637
195.83
195.867
196.049
196.08
195.921
195.982
195.982
196.05
196.184
196.263
196.375
196.427
196.451
196.252
196.235
196.237
196.214
196.522
196.568
196.805
196.851
196.843
196.893
196.892
196.849
196.914
196.834
196.987
197.014
196.641
196.558
196.597
196.337
196.367
196.502
196.288
196.257
196.256
196.219
196.092
196.174
196.096
196.17
196.154
196.225
196.177
196.395
196.092
196.116
195.817
195.79
195.84
195.814
195.824
196.072
196.268
196.419
196.277
196.203
196.159
196.025
196.081
195.995
196.062
195.912
196.198
196.306
196.255
196.279
196.303
196.181
196.257
196.491
196.589
196.575
196.642
196.397
196.483
196.564
196.6
196.545
196.632
196.746
196.766
196.593
196.356
196.281
196.389
196.348
196.345
196.354
196.167
196.163
196.132
196.144
195.945
195.866
195.859
195.756
195.832
195.76
195.672
195.515
195.469
195.473
195.385
195.451
195.359
195.189
195.214
195.225
195.169
195.067
194.948
194.941
194.942
195.007
194.835
194.835
194.826
194.866
194.902
194.891
194.826
195.11
195.081
195.31
195.254
195.338
195.404
195.521
195.545
195.617
195.574
195.713
195.999
196.187
196.335
196.544
196.605
196.907
196.849
196.87
196.982
196.952
197.015
196.917
196.888
196.84
197.106
197.261
197.415
197.686
197.906
197.664
197.697
197.514
197.711
197.746
197.561
197.533
197.466
197.329
197.337
197.356
197.14
196.983
196.849
196.704
196.676
196.508
196.538
196.554
196.482
196.65
196.525
196.608
196.598
196.592
