12.2901
11.6525
11.5847
11.5361
11.6201
11.8495
12.0457
11.9776
11.9126
11.8629
11.9861
11.8943
11.8539
11.8376
11.8038
11.781
11.8824
11.8554
11.8302
11.8702
11.8486
11.8079
11.7912
11.9503
11.9283
12.0565
12.1931
12.1646
12.139
12.0995
12.0717
12.0844
12.0866
12.0862
12.0692
11.9977
12.1988
12.1861
12.1735
12.1501
12.0957
12.1278
12.1682
12.2284
12.2235
12.2221
12.2041
12.1954
12.3167
12.2627
12.2711
12.2836
12.2825
12.1461
12.1524
12.0358
11.8881
12.0194
12.0818
12.1026
12.1128
12.1185
12.1233
12.1654
12.2447
12.2624
12.0065
12.0228
12.1145
12.1433
12.3289
12.3092
12.2925
12.2796
12.3932
12.3951
12.3455
12.3517
12.2256
12.2349
12.2275
12.2409
12.2518
12.2491
12.2331
12.2226
12.2742
12.2434
12.1714
12.1726
12.308
12.303
12.2995
12.2629
12.178
12.1763
12.1567
12.1506
12.0789
12.0729
11.9638
12.102
12.0785
12.1342
12.0256
12.0228
12.0793
12.0667
12.0694
12.0757
12.1189
12.1787
12.2959
12.2933
12.302
12.3016
12.2499
12.1311
12.1461
12.1463
12.055
12.1295
12.1242
12.2447
12.3192
12.4696
12.4724
12.4717
12.4664
12.4675
12.385
12.2784
12.3392
12.2292
12.225
12.2101
12.1429
12.1387
12.1474
12.1505
12.1106
12.0441
11.9151
11.9393
11.9942
12.0991
12.1071
12.1143
12.1061
12.1106
12.1071
12.0133
12.0198
11.9052
11.8767
11.7387
11.7824
11.8406
11.9754
12.0528
12.0566
12.0368
11.9834
11.9949
12.0045
12.0232
12.0383
12.1376
12.2208
12.2079
12.1962
12.2014
12.2119
12.2572
12.2899
12.1913
12.1957
12.2378
12.2964
12.4047
12.3453
12.371
12.3812
12.3752
12.3382
12.3339
12.3059
12.3976
12.2762
12.3395
12.3974
12.3999
12.405
12.4371
12.5329
12.5244
12.5247
12.4693
12.4949
12.5255
12.5383
12.5076
12.5088
12.4699
12.4407
12.4354
12.427
12.4078
12.4042
12.3677
12.5136
12.5481
12.5302
12.5641
12.5597
12.5554
12.5535
12.4031
12.3891
12.2446
12.1603
12.1492
12.1339
12.1108
12.0824
12.0839
12.0748
12.0517
11.9262
11.8818
11.8776
11.929
11.9129
11.8831
11.8269
11.8245
11.8903
11.8682
11.8134
11.7269
11.5482
11.6629
11.6573
11.6308
11.6623
11.7129
11.8046
11.7995
11.7981
11.801
11.8264
11.8294
11.8346
11.8136
11.7442
11.7298
11.6577
11.6641
11.6754
11.6975
11.7044
11.6781
11.6898
11.6908
11.7012
11.7031
11.5598
11.6455
11.5708
11.4954
11.4566
11.2232
11.2307
11.2101
11.1966
11.2019
11.1896
11.1908
11.1854
11.1801
11.1998
11.2597
11.2587
11.2575
11.2571
11.3299
11.5256
11.5211
11.5145
11.5097
11.5099
11.4987
11.5077
11.5593
11.5312
11.5247
11.5965
11.5422
11.6839
11.8679
11.9298
11.9944
11.9978
12.0109
12.0177
12.0355
11.9476
11.9442
11.9453
11.8733
11.7713
11.6316
11.6247
11.6242
11.5313
11.4758
11.2752
11.3558
11.284
11.2226
11.139
11.1655
11.0736
10.948
10.9449
10.8718
10.7991
10.7001
10.5586
10.3746
10.3144
10.2502
10.1853
10.1042
10.1452
9.99167
9.92176
9.8526
9.78249
9.8018
9.80448
9.80571
9.73959
9.6665
9.68645
9.69889
9.70315
9.54374
9.54568
9.53427
9.53217
9.59171
9.59218
9.58932
9.58422
9.58535
9.71858
9.72244
9.72279
9.72482
9.72596
9.72749
9.71211
9.79098
9.64745
9.74895
9.75306
9.75579
9.74485
9.7255
9.72647
9.72864
9.77636
9.7731
9.76874
9.68217
9.67984
9.67896
9.74323
9.75102
9.75184
9.59727
9.60366
9.60354
9.5506
9.54972
9.41794
9.4811
9.54426
9.54248
9.54386
9.60216
9.60037
9.5185
9.51744
9.41569
9.41012
9.54984
9.55434
9.55368
9.64289
9.63866
9.58534
9.58497
9.58527
9.59847
9.59884
9.5972
9.53228
9.53573
9.53632
9.675
9.66755
9.66671
9.66823
9.66996
9.66874
9.60347
9.53944
9.69795
9.69462
9.68292
9.68573
9.68979
9.69251
9.73489
9.73678
9.5946
9.5997
9.60675
9.51665
9.52004
9.52162
9.52341
9.58687
9.57397
9.57546
9.57605
9.57612
9.56216
9.56387
9.42509
9.42843
9.4281
9.47843
9.47684
9.478
9.47799
9.54654
9.42976
9.42934
9.38253
9.38269
9.38391
9.4598
9.41731
9.41601
9.41511
9.41371
9.40801
9.40571
9.40389
9.40526
9.40865
9.38767
9.38653
9.41214
9.55938
9.55354
9.55494
9.55075
9.55278
9.5501
9.58974
9.53715
9.53695
9.66743
9.66741
9.59747
9.63168
9.61995
9.61912
9.61791
9.61456
9.53711
9.53798
9.53714
9.57344
9.58172
9.68996
9.69414
9.69578
9.70172
9.69754
9.65401
9.6556
9.63067
9.48933
9.55321
9.55568
9.55952
9.55786
9.56175
9.52619
9.52972
9.53562
9.48848
9.49047
9.4947
9.42901
9.44762
9.58209
9.58512
9.58913
9.5939
9.60045
9.74554
9.71328
9.70908
9.60474
9.72878
9.73254
9.92539
9.92899
9.9323
9.93452
9.93495
9.93797
10.0037
10.0066
10.006
9.99998
9.98831
9.98636
9.98658
9.98486
9.90319
9.90267
9.90223
9.89811
9.93501
9.80235
9.95125
9.95189
9.98164
9.97636
9.83083
9.82895
9.82523
9.82195
9.76755
9.76242
9.56158
9.55856
9.63343
9.63318
9.73574
9.77362
9.72713
9.76274
9.83209
9.83597
9.84167
9.84103
9.97788
9.97589
10.1646
10.174
10.1711
10.211
10.2386
10.2778
10.2054
10.281
10.3254
10.5517
10.6306
10.8645
10.9406
11.0175
11.0205
11.0993
11.1645
11.2489
11.439
11.5358
11.6488
11.7042
11.7332
11.7996
11.8386
11.9444
12.0565
12.1589
12.1119
12.2229
12.1382
12.2384
12.3473
12.4184
12.4998
12.6614
12.6878
12.7143
12.7409
12.6216
12.655
12.5363
12.6224
12.6705
12.7119
12.7451
12.7132
12.7507
12.5196
12.455
12.2713
12.2094
12.1407
12.0782
12.0749
12.0032
11.9331
11.8676
11.8159
11.7395
11.6739
11.5985
11.5278
11.4733
11.3576
11.1907
11.1226
11.1553
11.0812
11.0081
11.0088
10.9287
10.8007
10.7084
10.6238
10.5438
10.7045
10.6923
10.7753
10.8572
10.952
11.0922
11.2568
11.3265
11.3415
11.4578
11.6124
11.7981
11.8691
11.9472
12.019
12.0985
12.1987
12.2543
12.3251
12.4005
12.4872
12.5313
12.6871
12.7671
12.7911
12.8609
12.9522
13.0294
13.1052
13.1866
13.1139
13.1104
13.1076
13.0891
13.0506
12.9768
12.8777
12.8673
12.8644
12.8295
12.7428
12.6323
12.6308
12.6275
12.6611
12.6533
12.6228
12.6048
12.6089
12.6124
12.5963
12.5255
12.453
12.443
12.4251
12.4241
12.414
12.4165
12.4504
12.5329
12.5254
12.5297
12.5445
12.6333
12.7611
12.768
12.8618
12.8764
12.8686
12.8653
12.8759
12.8908
12.9558
13.0512
13.0065
12.9911
13.0638
13.176
13.1794
13.2465
13.2463
13.3008
13.2927
13.2995
13.3167
13.3127
13.3061
13.3016
13.3018
13.1923
13.1752
13.1786
13.1771
13.1437
13.1297
13.0468
12.9644
12.9602
12.978
12.9794
12.9743
12.9435
12.8457
12.7553
12.7877
12.8662
12.7923
12.6867
12.6964
12.6916
12.8255
12.7597
12.7565
12.8014
12.8631
12.859
12.8617
12.8619
12.9812
13.0306
13.0516
13.047
13.0298
12.9847
12.8572
12.9049
12.7894
12.6755
12.5467
12.4374
12.325
12.3049
12.2283
12.1129
11.978
11.8058
11.6998
11.5935
11.4704
11.2924
11.0515
10.9514
10.8503
10.6927
10.4964
10.3995
10.2883
10.1791
9.91782
9.78412
9.66688
9.55825
9.44671
9.34285
9.26452
9.18227
9.19294
9.19474
9.19657
9.26093
9.32932
9.32536
9.4042
9.50798
9.57133
9.64277
9.70907
9.78596
9.87124
9.98605
10.0556
10.1132
10.1965
10.2717
10.3444
10.4177
10.5247
10.6022
10.6805
10.847
10.9627
11.0405
11.117
11.2026
11.327
11.4849
11.5495
11.625
11.703
11.767
11.8522
11.8572
11.8548
11.8279
11.8443
11.8325
11.8372
11.8441
11.8882
11.924
11.9202
11.9273
11.8911
11.894
11.8881
11.8817
11.8423
11.8533
11.8439
11.7425
11.7853
11.8708
11.8667
11.8469
11.7957
11.7749
11.7708
11.7571
11.7322
11.6684
11.6197
11.5499
11.5486
11.4715
11.4172
11.4327
11.3623
11.2816
11.1534
11.0076
10.9414
10.9238
10.8784
10.8071
10.8706
10.8038
10.7365
10.6528
10.5846
10.5163
10.3583
10.1965
10.1274
10.1831
10.1099
9.979
9.97379
10.0521
9.99861
9.93147
9.89636
9.8925
9.8177
9.82225
9.80722
9.73358
9.87885
9.87818
9.87773
9.87528
9.87437
9.86589
9.86487
9.86163
9.73261
9.79072
9.7956
9.79616
9.79979
9.80302
9.80333
9.80305
9.80327
9.67915
9.68179
9.68068
9.70185
9.56388
9.56863
9.56988
9.52638
9.52365
9.53205
9.58567
9.57915
9.58341
9.68496
9.68044
9.68426
9.797
9.80018
9.8188
9.82191
9.82661
9.82932
9.77
9.76745
9.924
10.0348
10.0373
10.1623
10.1551
10.3241
10.3286
10.3293
10.3327
10.2479
10.2482
10.2448
10.3908
10.3665
10.3923
10.4751
10.4227
10.4147
10.4151
10.1798
10.2145
10.216
10.1092
10.1104
10.0629
10.0917
10.1021
10.1136
10.132
10.1522
10.0098
9.91519
9.92715
9.81929
9.85194
9.6963
9.73603
9.74779
9.76014
9.77382
9.78281
9.79136
9.65179
9.65469
9.63365
9.54454
9.54283
9.55756
9.55626
9.5555
9.52464
9.51954
9.51729
9.53234
9.52687
9.49526
9.48304
9.47123
9.45959
9.43972
9.4254
9.40742
9.39593
9.44511
9.42024
9.40531
9.36124
9.43764
9.42731
9.53123
9.53047
9.52511
9.52291
9.52339
9.52534
9.59217
9.596
9.59542
9.74714
9.73397
9.74986
9.7573
9.75942
9.8478
9.84946
9.86482
9.86967
9.87548
9.87774
9.93479
9.94038
9.96655
9.97065
9.91295
9.92423
9.92941
9.94239
9.86224
9.86146
9.89307
9.88864
9.88758
9.89741
9.89607
9.89435
9.83848
9.83487
9.83108
9.70309
9.70722
9.69489
9.71155
9.70685
9.66181
9.69013
9.67413
9.66798
9.66256
9.65693
9.60047
9.5937
9.56773
9.56331
9.55804
9.54704
9.54348
9.53005
9.52359
9.52125
9.37371
9.43306
9.43094
9.41541
9.54619
9.54144
9.74819
9.74639
9.7442
9.71758
9.71843
9.71568
9.69081
9.68957
9.62603
9.59204
9.59158
9.58561
9.58695
9.5847
9.58134
9.57869
9.58489
9.58316
9.71384
9.71279
9.79368
9.79617
9.79265
9.79782
9.79671
9.73029
9.72979
9.73269
9.61559
9.61727
9.39979
9.52132
9.52142
9.65571
9.65215
9.65385
9.65973
9.68623
9.69153
9.82
9.82049
9.8271
9.91036
9.91077
9.90838
9.91296
9.90634
9.90581
9.7732
9.80001
9.72848
9.72609
9.72848
9.72428
9.72729
9.81743
9.81867
9.82783
9.81354
9.8134
9.81372
9.69817
9.69693
9.56446
9.56959
9.56926
9.61123
9.58928
9.58718
9.45971
9.45891
9.45864
9.37036
9.37224
9.37828
9.51732
9.51923
9.5409
9.54018
9.51755
9.50522
9.5019
9.50105
9.5414
9.53804
9.44705
9.49382
9.48283
9.4796
9.47707
9.47383
9.46678
9.46675
9.47371
9.46934
9.46792
9.42286
9.49594
9.49451
9.49394
9.49301
9.49338
9.49548
9.49506
9.49374
9.35233
9.35202
9.33271
9.35394
9.35142
9.36849
9.37597
9.40297
9.3613
9.36193
9.4255
9.37899
9.3788
9.38024
9.47344
9.47609
9.56082
9.57037
9.56353
9.56517
9.63745
9.63671
9.63296
9.6332
9.63634
9.73496
9.74764
9.87522
9.87456
9.87617
9.93036
9.92985
9.92911
9.91113
9.96355
9.9489
10.0785
10.0522
10.1329
10.1334
10.0719
10.0686
10.0672
10.1286
10.036
10.0366
9.95008
9.9399
9.99473
10.138
10.0632
10.0619
9.98846
9.98958
10.0785
9.98695
9.97397
9.84603
9.84633
9.84668
9.82723
9.85929
9.85667
9.85305
9.80511
9.80304
9.79129
9.8103
9.72555
9.72212
9.75384
9.87021
9.86894
9.80304
9.80086
9.79675
9.82066
9.84845
9.78957
9.64223
9.64279
