2.14818
18.2351
23.5631
26.1433
27.9397
29.3351
30.1793
30.558
30.9986
31.3656
31.6052
31.708
32.0206
32.3504
32.5502
32.6645
32.7565
32.9029
32.985
33.0465
33.0632
33.1208
33.1779
33.2278
33.2259
33.2701
33.5098
33.5007
33.4799
33.483
34.562
34.5627
34.5151
34.4738
34.4294
34.4165
34.3903
34.4166
34.4006
34.3963
34.4107
34.3873
34.3387
34.2682
34.2387
34.1811
34.1637
34.152
34.136
34.0822
34.1194
34.1141
34.1026
34.0421
34.0799
34.1045
33.9156
33.9143
33.9657
33.9283
33.8563
33.8331
33.8594
33.935
33.975
33.8619
33.8463
33.857
33.8689
33.8653
33.8327
33.9021
33.9242
33.9008
33.8522
33.9106
33.9379
33.9093
33.8915
33.9409
33.9452
33.9298
33.8913
33.9587
33.9566
33.9387
33.8766
33.906
33.8967
33.9047
33.9526
33.9849
33.9963
33.9815
33.9403
34.0035
34.0159
34.0056
33.9725
33.9632
34.0119
34.0096
33.9689
33.9844
34.0407
34.0494
33.9852
33.9759
34.0116
34.0358
34.022
34.0198
34.0737
34.0108
34.0514
33.9925
34.0686
34.0855
34.1087
34.1576
34.1373
34.1199
34.1403
34.1275
34.1322
34.1425
34.1534
34.1643
34.1631
34.1654
34.1556
34.1652
34.1287
34.147
34.1327
34.1295
34.1596
34.1526
34.1601
34.1467
34.1326
34.1299
34.1148
34.1716
34.1255
34.1451
34.1621
34.1414
34.1339
34.1014
34.1375
34.1505
34.1255
34.0851
34.0621
33.9969
34.0914
34.0533
34.0685
34.0795
34.0873
34.0393
34.0446
33.9582
33.9919
33.9778
33.9519
33.9649
33.9304
33.9332
33.8876
33.9022
33.9738
33.9252
33.8845
33.899
33.9016
33.8887
33.8189
33.8491
33.8506
33.8188
33.7654
33.8122
33.8802
33.9219
33.7852
33.8085
33.8429
33.8453
33.7717
33.815
33.8766
33.9492
33.8586
33.8616
33.9168
33.9318
33.8956
33.9297
33.9777
34.0288
33.9599
33.9824
34.0715
34.0932
34.0226
34.019
34.0819
34.091
34.0797
34.0584
34.1415
34.1459
34.1029
34.0441
34.0641
34.0769
34.0456
33.981
34.0414
34.0289
34.0306
34.0069
34.0669
34.0746
34.055
34.0228
34.0615
34.0447
34.0609
34.0003
33.9963
34.025
33.9375
33.9104
33.944
33.9789
33.9864
33.9638
33.9522
33.9474
33.968
33.9304
33.8979
33.9492
33.9756
33.9741
33.9717
33.9718
33.9571
33.9909
34.0074
33.9942
33.9631
33.9406
33.9763
33.9937
33.9893
33.9532
33.9862
33.9792
33.9278
33.9181
33.9695
33.9863
33.9832
33.9512
33.9344
33.9515
33.9678
33.9935
33.9763
34.019
34.0183
33.9712
33.9436
33.8912
33.8602
33.8667
33.8699
33.8398
33.7884
33.7535
33.7775
33.8065
33.7859
33.7491
33.771
33.7771
33.7396
33.7401
33.8068
33.7993
33.7996
33.7548
33.7508
33.7896
33.7978
33.7796
33.7484
33.7743
33.7759
33.7698
33.7718
33.8349
33.8446
33.8497
33.8531
33.8489
33.9206
33.8883
33.8832
33.9685
33.9657
33.8967
33.8872
33.9217
33.9625
33.936
33.9002
33.9049
33.9343
33.9202
33.9141
33.9667
34.0053
33.9226
33.8893
33.9196
33.9829
33.9324
33.887
33.9062
33.9505
33.9434
33.927
33.9812
34.02
34.0624
33.9593
34.0006
34.0391
34.012
33.9808
34.0624
34.0544
34.0131
34.0057
34.0149
34.0787
34.0773
34.0265
34.0572
34.063
34.0133
33.9587
34.0009
34.0708
34.0158
33.9731
34.0199
34.0539
34.0112
33.9795
33.9706
34.0016
34.0112
33.9681
33.9355
33.9933
33.9858
33.9409
33.9417
33.9872
33.8966
33.9086
33.9635
33.9379
33.9041
33.8649
33.8901
33.9166
33.9053
33.8685
33.9217
33.9711
33.9873
33.9148
33.9656
33.9943
33.9872
33.9125
33.9479
33.9775
34.023
33.971
33.9287
33.9566
34.0358
34.0131
33.9997
34.0362
34.0415
33.9895
34.0044
34.0199
34.0093
33.9415
33.9629
33.9594
33.9897
33.9544
33.9285
33.9487
33.9784
33.9688
33.9344
33.9431
33.9787
33.975
33.9362
33.9892
33.9717
33.9763
33.9436
33.9531
34.0127
34.0211
34.0048
34.0099
34.018
34.0268
34.0429
34.0693
34.0976
34.0819
34.0996
34.1073
34.0807
34.1217
34.0953
34.1125
34.1094
34.1168
34.095
34.0842
34.1207
34.1351
34.1303
34.0666
34.0547
34.0308
33.9821
33.9248
33.9019
33.9125
33.9169
33.8939
33.8153
33.8095
33.8256
33.7916
33.7423
33.7606
33.7826
33.7385
33.6835
33.7248
33.8162
33.7901
33.7276
33.7286
33.7388
33.6687
33.5968
33.556
33.5052
33.4531
33.3456
33.4222
33.4747
33.522
33.5612
33.5737
33.5824
33.6375
33.5481
33.5483
33.5455
33.486
33.4104
33.5961
33.5903
33.628
33.6076
33.6184
33.6199
33.5817
33.4893
33.4333
33.5151
33.6672
33.6519
33.7192
33.7819
33.8494
33.8558
33.8778
33.9392
33.9647
33.9271
33.8676
33.8258
33.908
33.9088
33.8397
33.8314
33.9311
33.9558
33.9842
34.0408
33.8922
33.9241
33.817
33.8489
33.9064
33.9568
33.9488
33.9871
33.9776
33.9056
33.7013
33.7209
33.7095
33.7669
33.7294
33.7419
33.7742
33.7937
33.7584
33.7945
33.8239
33.8852
33.8425
33.8469
33.8261
33.871
33.8242
33.8687
33.891
33.847
33.829
33.8492
33.9205
33.8731
33.847
33.8431
33.9001
33.9082
33.9845
34.0408
34.0921
34.1002
34.1195
34.1281
34.1025
34.0984
34.1062
34.1162
34.1107
34.1017
34.0883
34.1103
34.1228
34.0809
34.1318
34.1436
34.1296
34.0588
34.0665
34.1271
34.1247
34.0434
34.0506
34.0951
34.0952
34.064
34.0693
34.0893
34.0268
34.0008
33.9902
34.0119
34.0044
33.9233
33.9519
33.996
34.0067
33.9694
33.9235
33.9392
33.9839
33.9471
33.9029
33.9421
33.8776
33.8295
33.7983
33.803
33.7483
33.6892
33.6391
33.6572
33.7073
33.6886
33.6933
33.6918
33.7259
33.7357
33.7556
33.7682
33.8127
33.8062
33.8082
33.7906
33.8547
33.8467
33.7699
33.8012
33.8533
33.8504
33.7999
33.7888
33.8448
33.8435
33.8843
33.9218
33.9764
34.0185
34.0205
34.0798
34.1388
34.1888
34.0647
34.013
34.0537
34.0814
34.0435
33.9899
34.0012
34.0632
34.0109
33.9904
33.9899
34.0247
33.9607
33.9379
34.0016
34
33.974
33.9377
33.9798
34.0007
33.9747
33.9659
33.9678
34.018
33.9752
33.9669
34.0108
34.0418
34.0117
33.9538
34.011
34.0897
34.0452
34.0097
34.0262
34.0748
34.1117
34.0291
34.0225
34.0723
34.0562
34.001
34.0277
34.0609
34.0636
33.9802
34.0169
34.0692
34.0957
34.0451
34.0356
34.0509
34.1349
34.0732
34.0454
34.0516
34.1055
34.0725
34.0644
34.1133
34.1361
34.1397
34.1445
34.1571
34.1333
34.1226
34.0949
34.1085
34.1322
34.1092
34.1262
34.1423
34.1426
34.1473
34.1525
34.1872
34.1562
34.1412
34.1004
34.0861
34.102
34.1
34.0326
34.0172
34.0409
34.1111
34.0686
33.9975
34.01
34.0576
34.0476
33.9677
33.9744
33.9893
33.9943
33.9409
33.936
33.9829
33.9532
33.9013
33.8871
33.9661
33.9375
33.882
33.8494
33.8987
33.9227
33.9167
33.9007
33.9202
33.9892
33.9627
33.9504
33.9804
34.0239
33.9478
33.9164
33.9664
34.0232
33.9839
33.9486
34.0205
34.0172
34.0227
33.9904
34.081
34.1165
34.0078
34.0185
34.0838
34.1163
34.0298
34.0231
34.0451
34.1098
34.0839
34.0483
34.0453
34.1076
34.126
34.0084
34.0324
34.0602
34.0917
34.0513
34.0654
34.1065
34.147
34.0654
33.9993
34.0375
34.0301
34.0247
33.9947
34.029
34.0173
33.9889
34.0027
34.0339
34.0205
34.0064
34.018
34.0233
34.103
34.0621
34.0124
34.0323
34.0549
34.0151
34.0121
34.0373
34.0819
34.0751
34.0218
34.0524
34.0608
33.9875
33.9021
33.9512
34.0346
34.0132
33.9637
33.9764
34.0147
34.0334
33.9784
33.9733
34.0223
34.0356
34.0109
34.0012
33.9952
34.0407
33.9612
33.9479
34.0007
34.0371
34.0133
34.0196
34.0176
34.0487
34.0265
34.0097
33.9837
33.9618
34.0385
34.074
34.0858
34.0547
34.077
34.0921
34.0804
34.0723
34.0588
34.0554
34.0863
34.082
34.0858
34.0596
34.0554
34.0358
34.0491
34.0559
34.0641
34.0041
34.014
33.9828
33.9956
33.9592
33.9851
33.9624
33.8923
33.8782
33.9457
33.969
33.8732
33.8646
33.8791
33.9509
33.8635
33.8311
33.8575
33.8716
33.883
33.8041
33.8002
33.8159
33.7606
33.7678
33.7706
33.8209
33.8267
33.7215
33.7305
33.8112
33.8007
33.7564
33.7101
33.7979
33.8026
33.7551
33.8017
33.8036
33.8271
33.7948
33.79
33.8144
33.8809
33.7746
33.7675
33.8283
33.867
33.7959
33.7616
33.7783
33.7532
33.6944
33.7555
33.7515
33.7544
33.6741
33.6959
33.8322
33.8171
33.7427
33.739
33.7479
33.8241
33.713
33.7153
33.77
33.78
33.7813
33.7355
33.8088
33.8029
33.7691
33.7255
33.8166
33.8661
33.7829
33.7758
33.8534
33.9111
34.0556
34.041
34.1461
34.1398
34.1465
34.1308
34.1849
34.182
34.114
34.1132
34.1677
34.2041
34.2408
34.2021
34.2614
34.2599
34.245
34.2062
34.2219
34.2605
34.1987
34.2136
34.2569
34.3218
34.3126
34.2835
34.3229
34.3177
34.3231
34.2826
34.1217
34.1685
34.1477
34.1709
34.1216
34.1509
34.1437
34.2252
34.2767
34.275
34.2555
34.2706
34.2661
34.2443
34.2288
34.1615
34.1188
34.1004
34.0593
34.055
34.0523
34.0582
34.0399
34.0056
34.004
34.0282
33.978
33.9813
33.9729
33.99
34.0057
33.9394
33.9678
33.9272
33.93
33.8669
33.9319
33.8266
33.7035
33.7136
33.7101
33.6067
33.536
33.5153
33.4739
33.4704
33.5008
33.5006
33.5098
33.4397
33.3909
33.4094
33.4451
33.3699
33.3359
33.3598
33.4232
33.4112
33.38
33.3924
33.5185
33.5547
33.448
33.4762
33.5199
33.5647
33.471
33.4767
33.5709
33.5977
33.5852
33.6289
33.6803
33.7516
33.8127
33.8227
33.8598
33.9153
33.9415
33.974
34.0068
34.0012
33.972
33.9669
33.9803
33.982
33.9643
33.9047
33.9072
33.9045
33.8012
33.764
33.8051
33.7404
33.6754
33.6323
33.6104
33.5664
33.5608
33.5034
33.5507
33.5856
33.6331
33.5593
33.5373
33.5923
33.5925
33.5818
33.5284
33.5225
33.5759
33.5462
33.4984
33.5639
33.5703
33.5517
33.5322
33.6012
33.6024
33.5492
33.5218
33.5737
33.6272
33.6687
33.6752
33.6922
33.767
33.8118
33.8354
33.8915
33.8557
33.8419
33.8245
33.8663
33.8199
33.814
33.8312
33.8268
33.8288
33.788
33.6966
33.6505
33.6543
33.6575
33.6655
33.6059
33.5733
33.598
33.6146
33.6612
33.6444
33.6348
33.6275
33.6197
33.6399
33.6598
33.6761
33.6638
33.5936
33.5333
33.621
33.5923
33.5427
33.588
33.6361
33.7037
33.6532
33.7446
33.7632
33.7856
33.8792
33.9306
34.057
34.0245
33.9737
34.0681
34.1836
34.1587
34.1539
34.1893
34.2827
34.2904
34.2733
34.3441
34.3806
34.396
34.3948
34.4518
34.4434
34.5007
34.4999
34.5566
34.5932
34.5649
34.6308
34.5978
34.6048
34.5461
34.64
34.6809
34.6405
34.6172
34.6867
34.6964
34.6852
34.6861
34.6993
34.6595
34.6645
34.6603
34.6624
34.6391
34.636
34.6326
34.6398
34.6458
34.574
34.6811
34.6923
34.6796
34.5885
34.6084
34.6244
34.5826
34.4807
34.5177
34.5625
34.5122
34.4703
34.5166
34.5376
34.5429
34.4245
34.4874
34.5405
34.5024
34.4108
34.5481
34.4915
34.4079
34.4091
34.4726
34.4162
34.3228
34.3962
34.4058
34.4131
34.2853
34.3416
34.3773
34.4188
34.3779
34.4082
34.4571
34.4651
34.362
34.3825
34.4447
34.3969
34.3346
34.368
34.4473
34.3833
34.3016
34.3396
34.3695
34.3877
34.2543
34.3051
34.3513
34.3146
34.2565
34.3353
34.3774
34.2366
34.2247
34.2696
34.1913
34.1631
34.1278
34.1134
34.0793
