59.8459
32.0841
22.677
17.9726
15.1505
13.268
11.9282
10.9182
10.1376
9.50916
8.99757
8.56695
8.20386
7.8989
7.62821
7.39622
7.18919
7.00491
6.83951
6.69176
6.55871
6.43786
6.32576
6.23027
6.14046
6.05402
5.97562
5.90853
5.84792
5.79586
3.93791
3.92541
3.92766
3.96274
3.96858
3.97988
4.00156
4.00767
4.01068
4.02763
4.03499
4.03792
4.04597
4.05163
4.21123
4.2146
4.21844
4.23404
4.23734
4.23685
4.34952
4.35202
4.35623
4.35246
4.37989
4.3754
4.37657
4.45574
4.44773
4.43454
4.44293
4.58484
4.59084
4.57221
4.57045
4.564
4.57001
4.57434
4.59749
4.60304
4.59705
4.59846
4.61332
4.61208
4.45549
4.45247
4.45353
4.45307
4.46101
4.45963
4.39093
4.3943
4.39125
4.40552
4.37881
4.38536
4.38216
4.2988
4.3215
4.37862
4.42104
4.27772
4.27312
4.25803
4.25642
4.39521
4.36695
4.49091
4.51551
4.50505
4.53422
4.53452
4.51387
4.5857
4.58507
4.58721
4.59994
4.62384
4.619
4.72423
4.6821
4.67611
4.68958
4.68387
4.67918
4.68149
4.68379
4.68307
4.65885
4.62622
4.59582
4.59522
4.60436
4.62002
4.62862
4.487
4.48634
4.35641
4.33169
4.32273
4.29179
4.32718
4.3271
4.26161
4.27256
4.27826
4.26282
4.23112
4.23816
4.13869
4.13574
4.13549
4.23338
4.33348
4.33401
4.46733
4.46477
4.46228
4.48253
4.46259
4.43565
4.44164
4.44397
4.4801
4.47261
4.47129
4.51766
4.62902
4.60232
4.60047
4.60367
4.57746
4.57649
4.56753
4.61373
4.60421
4.75729
4.75245
4.73936
4.74118
4.74228
4.74155
4.63037
4.54304
4.54692
4.4091
4.4144
4.50925
4.49229
4.50728
4.50772
4.50461
4.49837
4.44728
4.44376
4.45141
4.45029
4.3574
4.37136
4.37194
4.36968
4.35734
4.46853
4.46667
4.43816
4.44627
4.36308
4.36042
4.48776
4.48162
4.48159
4.50628
4.52354
4.50127
4.49809
4.50217
4.51453
4.427
4.42453
4.40542
4.51136
4.50824
4.52513
4.52457
4.56123
4.56266
4.51968
4.51495
4.60363
4.61264
4.63767
4.64247
4.53063
4.53069
4.50492
4.509
4.44769
4.44934
4.32352
4.45194
4.45157
4.60232
4.58381
4.58408
4.5879
4.58385
4.57438
4.56826
4.57569
4.58195
4.48676
4.48728
4.60367
4.60265
4.58546
4.57716
4.60588
4.59043
4.50513
4.51262
4.49656
4.53077
4.53093
4.6781
4.67452
4.66364
4.65276
4.65101
4.64873
4.53617
4.54394
4.37118
4.40574
4.42678
4.46628
4.46901
4.46425
4.47201
4.46786
4.46037
4.55491
4.55787
4.42559
4.56186
4.54377
4.56241
4.55261
4.58798
4.57124
4.5549
4.55047
4.52667
4.57554
4.42777
4.47365
4.48927
4.52083
4.52776
4.52881
4.68539
4.67736
4.71453
4.6824
4.66113
4.78923
4.78662
4.80242
4.82027
4.81733
4.81724
4.71924
4.71594
4.70863
4.588
4.58862
4.58568
4.57272
4.53462
4.56964
4.56935
4.56458
4.55052
4.51839
4.53333
4.514
4.49654
4.52484
4.51851
4.66292
4.49085
4.49641
4.45919
4.46291
4.46967
4.31528
4.32778
4.30965
4.31918
4.31852
4.36648
4.35769
4.37316
4.38719
4.39103
4.42593
4.41219
4.40437
4.40542
4.38713
4.3956
4.46059
4.45978
4.44556
4.54564
4.52146
4.54438
4.49231
4.49613
4.39845
4.40768
4.54741
4.54635
4.64521
4.63807
4.69279
4.68181
4.68108
4.64527
4.64578
4.59858
4.75884
4.74788
4.7317
4.71277
4.67637
4.67332
4.67721
4.67694
4.72233
4.71292
4.75895
4.8692
4.86827
4.75239
4.75217
4.73075
4.72362
4.73575
4.69685
4.69292
4.55301
4.61218
4.51452
4.57957
4.50832
4.50583
4.50478
4.50416
4.50275
4.50881
4.34784
4.34457
4.36254
4.36929
4.37248
4.42002
4.44495
4.44893
4.41615
4.44565
4.36051
4.25368
4.25878
4.43194
4.43146
4.43223
4.43152
4.4154
4.40856
4.40367
4.40138
4.34146
4.33472
4.26963
4.26941
4.2758
4.27783
4.27888
4.28031
4.29532
4.30208
4.30116
4.28495
4.27827
4.29063
4.38758
4.36152
4.36005
4.33373
4.33062
4.30525
4.30725
4.30522
4.13804
4.13878
4.13921
4.22816
4.2286
4.26516
4.26577
4.28964
4.29312
4.29363
4.31416
4.31967
4.31699
4.43002
4.57776
4.57745
4.55653
4.55444
4.55547
4.55446
4.55259
4.53959
4.40708
4.415
4.41337
4.41072
4.41274
4.48997
4.48532
4.4863
4.4799
4.47965
4.47767
4.40175
4.40392
4.37622
4.4062
4.37787
4.46091
4.45996
4.44254
4.43531
4.43336
4.31932
4.17241
4.1761
4.17471
4.17188
4.17231
4.20414
4.20665
4.20351
4.19574
4.20595
4.2085
4.20923
4.18281
4.2288
4.23035
4.24148
4.24944
4.27828
4.2816
4.27618
4.27554
4.26692
4.23737
4.23997
4.21184
4.21254
4.36409
4.37569
4.38323
4.38301
4.38389
4.38373
4.40275
4.40992
4.40981
4.4261
4.43003
4.51119
4.50925
4.49239
4.49374
4.49598
4.49485
4.37211
4.38427
4.37686
4.41147
4.38424
4.55543
4.55204
4.55773
4.56037
4.56146
4.56388
4.5226
4.52952
4.37482
4.40085
4.39321
4.50063
4.49798
4.50722
4.49313
4.48621
4.48533
4.43827
4.44738
4.38103
4.39778
4.40739
4.49172
4.49782
4.50092
4.52108
4.51934
4.51255
4.47069
4.47129
4.31585
4.31849
4.31383
4.36471
4.36392
4.36153
4.35891
4.35954
4.36003
4.32463
4.32721
4.23705
4.23726
4.22999
4.22843
4.23096
4.23177
4.22913
4.26755
4.25464
4.23761
4.23265
4.25548
4.24518
4.26827
4.25882
4.24626
4.24315
4.2989
4.29434
4.29483
4.29557
4.29338
4.28104
4.27982
4.27897
4.31053
4.30182
4.31425
4.3132
4.30913
4.29506
4.30753
4.30597
4.3369
4.33234
4.32956
4.50684
4.45322
4.45211
4.44941
4.44553
4.33493
4.33374
4.30691
4.32917
4.32945
4.35406
4.29961
4.30185
4.28131
4.27295
4.27395
4.23232
4.23173
4.23256
4.19293
4.20144
4.1977
4.19674
4.21718
4.21918
4.2609
4.25662
4.22244
4.23463
4.2502
4.07342
4.10275
4.1022
4.12371
4.12485
4.12662
4.13316
4.1329
4.09813
4.09757
4.24982
4.24786
4.26902
4.28102
4.29239
4.28997
4.31266
4.32359
4.32591
4.319
4.31529
4.48195
4.48348
4.51759
4.51329
4.4598
4.58456
4.58491
4.7473
4.73322
4.7442
4.7171
4.71621
4.79592
4.79368
4.80888
4.80485
4.80825
4.80885
4.81085
4.78206
4.78261
4.76165
4.75178
4.74119
4.74255
4.73308
4.73172
4.73009
4.73117
4.72808
4.56844
4.57523
4.52135
4.56121
4.56004
4.44122
4.4868
4.31808
4.38887
4.51271
4.51853
4.53613
4.44959
4.44818
4.49617
4.495
4.51947
4.51958
4.54129
4.42551
4.42451
4.42336
4.47547
4.47454
4.47697
4.46869
4.47214
4.56015
4.55773
4.56738
4.56394
4.56628
4.56663
4.52544
4.53858
4.55289
4.50707
4.50704
4.51882
4.38963
4.38427
4.38423
4.37249
4.40661
4.34092
4.36354
4.36234
4.38349
4.35987
4.33279
4.34902
4.35677
4.30427
4.30766
4.40467
4.39953
4.38708
4.36044
4.36658
4.35996
4.34948
4.34007
4.34051
4.34832
4.34017
4.35632
4.35916
4.37612
4.39247
4.3867
4.38788
4.38777
4.38631
4.38797
4.38925
4.40337
4.37978
4.35845
4.35918
4.35849
4.34429
4.33987
4.33946
4.33769
4.23856
4.35005
4.3502
4.29002
4.28691
4.28306
4.28515
4.29329
4.30195
4.33293
4.33073
4.30124
4.31593
4.30791
4.30126
4.30774
4.3915
4.52136
4.52531
4.49546
4.57311
4.54152
4.54515
4.55183
4.55808
4.55791
4.57298
4.57775
4.58195
4.62407
4.62754
4.51552
4.54182
4.55284
4.55265
4.55345
4.56015
4.56756
4.57857
4.54244
4.54217
4.58988
4.59704
4.64745
4.55601
4.55137
4.46692
4.32406
4.32372
4.31754
4.24326
4.24006
4.23586
4.23455
4.22893
4.22774
4.23404
4.2346
4.23109
4.19091
4.21724
4.21774
4.19241
4.21953
4.22133
4.22108
4.2974
4.28042
4.25925
4.26061
4.25856
4.20737
4.32546
4.26115
4.39793
4.39565
4.4447
4.44375
4.44017
4.45732
4.46564
4.51334
4.51519
4.64714
4.66849
4.67544
4.65689
4.64751
4.64754
4.67801
4.68017
4.71594
4.74546
4.7045
4.70248
4.70118
4.61427
4.61656
4.62007
4.6181
4.63249
4.63228
4.49467
4.49538
4.35932
4.37754
4.33073
4.3548
4.35501
4.33689
4.32376
4.29312
4.29853
4.19715
4.17474
4.19467
4.19201
4.191
4.23875
4.20846
4.18043
4.14678
4.11548
4.11498
4.12803
4.14465
4.16693
4.16794
4.16908
4.21404
4.19905
4.19835
4.19423
4.22148
4.21931
4.20156
4.1974
4.1723
4.17185
4.17406
4.17413
4.16517
4.17036
4.14111
4.14096
4.11379
4.12525
4.13928
4.119
4.11688
4.11313
4.18457
4.18542
4.18715
4.19517
4.18434
4.16373
4.16164
4.16472
4.26183
4.26301
4.37151
4.37279
4.3449
4.35586
4.3578
4.3785
4.37935
4.38233
4.38068
4.4328
4.42557
4.47087
4.46988
4.47076
4.47106
4.45799
4.44697
4.41727
4.41695
4.417
4.34354
4.34275
4.37629
4.35582
4.35201
4.35722
4.35862
4.35154
4.20826
4.21204
4.27757
4.27799
4.27845
4.29052
4.29071
4.27288
4.36079
4.35782
4.3946
4.35712
4.35891
4.36023
4.36077
4.36075
4.35951
4.36111
4.3615
4.37739
4.41399
4.41272
4.41936
4.42073
4.38677
4.40285
4.40584
4.39932
4.41861
4.43322
4.47441
4.47736
4.30194
4.33058
4.34391
4.38123
4.38057
4.38662
4.33681
4.33955
4.30609
4.33958
4.33817
4.27861
4.2748
4.27583
4.39528
4.39949
4.44116
4.43523
4.40016
4.40038
4.39568
4.40835
4.41501
4.39749
4.39508
4.49188
4.54103
4.52778
4.49867
4.50769
4.53077
4.50188
4.49022
4.44231
4.4593
4.4712
4.46816
4.46777
4.51737
4.47068
4.47126
4.48561
4.50077
4.51053
4.39075
4.39273
4.35075
4.34339
4.34359
4.42472
4.42434
4.41171
4.42684
4.43152
4.43261
4.33583
4.2709
4.28519
4.28556
4.27571
4.31054
4.30922
4.30826
4.30656
4.30864
4.30706
4.37235
4.3729
4.42746
4.42835
4.42912
4.41224
4.41638
4.41009
4.4094
4.40582
4.40705
4.41774
4.41565
4.33677
4.35054
4.35851
4.34929
4.34679
4.34583
4.34976
4.3619
4.36295
4.3522
4.34857
4.41911
4.48738
4.48749
4.49235
4.48193
4.46419
4.36187
4.36663
4.28008
4.31078
4.30783
4.31015
4.29953
4.30933
4.30884
4.30823
4.31163
4.30465
4.3073
4.45689
4.44841
4.4412
4.43204
4.43551
4.51599
4.51753
4.50114
4.48683
4.49094
4.49041
4.36206
4.29226
4.29184
4.28155
4.27344
4.27491
4.27782
4.27111
4.25001
4.21715
4.23998
4.24031
4.23204
4.38829
4.53636
4.53415
4.52638
4.52226
4.52096
4.36916
4.37144
4.37395
4.37047
4.36474
4.28581
4.32604
4.32534
4.32395
4.32119
4.31961
4.3192
4.32597
4.33377
4.33509
4.33348
4.34529
4.37577
4.37522
4.54777
4.54746
4.5731
4.57215
4.57021
4.3978
4.26826
4.27935
4.28381
4.3511
4.35066
4.49593
4.48573
4.48143
4.48229
4.48175
4.48012
4.44858
4.45428
4.47113
4.47011
4.5311
4.53398
4.54348
4.54274
4.53529
4.53567
4.5338
4.5158
4.5268
4.35579
4.39681
4.41292
4.41522
4.4154
4.41759
4.40311
4.394
4.39351
4.32614
4.34557
4.26548
4.35271
4.38686
4.43248
4.46607
4.50288
4.56679
4.56487
4.54644
4.54493
4.48727
4.49346
4.48519
4.48724
4.49456
4.49649
4.48829
4.47769
4.47249
4.48067
4.44309
4.379
4.38094
4.51932
4.51983
4.51781
4.51525
4.51368
4.57471
4.5563
4.49116
4.4054
4.37237
4.32461
4.30567
4.26799
4.20469
4.20633
4.20916
4.20779
4.20963
4.21546
4.21844
4.20769
4.34293
4.34342
4.34421
4.34484
4.34043
4.33234
4.34579
4.35777
4.35483
4.21657
4.21881
4.27807
4.27844
4.27905
4.21637
4.21304
4.21123
4.2291
4.23867
4.23785
4.22122
4.23587
4.29042
4.28194
4.31505
4.33782
4.33168
4.31399
4.31712
