10.9008
7.99104
7.87449
7.7041
7.6225
7.53799
7.49014
7.12176
7.1473
7.16331
7.33332
7.12323
7.07728
7.06902
7.06786
7.09022
6.93207
6.91966
6.88791
6.78045
6.67188
6.58217
6.4864
6.54003
6.52732
6.45777
6.38953
6.32389
6.35493
6.3797
6.23266
6.28861
6.27139
6.25857
6.25369
6.24558
6.17711
6.25073
6.21389
6.12433
6.09468
6.26719
6.27316
6.26992
6.25559
6.17318
6.17685
6.1062
6.05849
6.06443
6.05596
6.04552
6.06391
5.95005
5.88315
5.88085
5.8804
5.87349
5.78836
5.70984
5.7375
5.72279
5.68914
5.67992
5.65537
5.63111
5.66347
5.63766
5.63252
5.68364
5.61463
5.51415
5.44215
5.36497
5.30709
5.29214
5.39599
5.44755
5.43519
5.45008
5.51592
5.5891
5.63408
5.71172
5.73164
5.78857
5.84828
5.84278
5.89033
5.93467
5.8856
5.8878
5.90404
5.83291
5.86027
5.88187
5.87405
5.83021
5.8364
5.77756
5.72101
5.64138
5.69734
5.71431
5.77126
5.82347
5.76963
5.77692
5.90458
5.89682
6.1037
6.30443
6.28333
6.24076
6.25461
6.20648
6.14116
6.20204
6.41145
6.449
6.40074
6.33764
6.26787
6.28638
6.25855
6.17382
6.22931
6.27984
6.29142
6.28262
6.27791
6.26904
6.21578
6.19427
6.13194
6.14307
6.15562
6.08836
5.96003
5.93546
5.66832
5.50639
5.53465
5.57021
5.5992
5.58363
5.64709
5.65389
5.46074
5.45408
5.51831
5.52042
5.52421
5.5009
5.44214
5.45778
5.41138
5.41844
5.34779
5.37364
5.38401
5.39648
5.39389
5.41156
5.46871
5.40973
5.33988
5.34019
5.44799
5.54299
5.61057
5.5634
5.55521
5.49132
5.43519
5.43337
5.37904
5.34815
5.34114
5.32567
5.26823
5.27561
5.38391
5.46245
5.55333
5.60673
5.61284
5.62065
5.65465
5.63724
5.63574
5.64594
5.65582
5.68135
5.68414
5.73588
5.79684
5.85421
5.81371
5.78849
5.72813
5.77613
5.78683
5.85843
5.92668
6.00479
6.06798
6.12234
6.12666
6.06776
6.13146
6.21919
6.18242
6.17814
6.15987
6.16184
6.11068
6.12939
6.16935
6.2337
6.29949
6.28421
6.29216
6.25353
6.20785
6.15954
6.11354
6.08194
6.03076
5.96847
6.02178
5.98713
5.99889
5.98259
5.91958
5.9156
5.93409
5.86418
5.9005
5.90474
5.93115
5.92446
5.92636
5.94874
5.95069
5.9037
5.89773
5.84255
5.77827
5.7489
5.68957
5.74376
5.83315
5.83883
5.86792
5.95774
6.0201
6.06955
6.20067
6.28549
6.31259
6.25994
6.31026
6.32994
6.36041
6.37915
6.37733
6.4683
6.45738
6.49996
6.46683
6.38003
6.40376
6.34069
6.35157
6.42047
6.47918
6.52288
6.59437
6.64911
6.7195
6.76432
6.74332
6.81405
6.84582
6.82982
6.82522
6.82376
6.75356
6.78334
6.77639
6.76373
6.63794
6.63159
6.60883
6.59803
6.59285
6.56567
6.49661
6.5271
6.54456
6.61313
6.59805
6.59358
6.58613
6.50679
6.54169
6.5129
6.49507
6.4213
6.35114
6.27584
6.19354
6.12963
6.05011
5.98601
5.92477
5.87901
5.82337
5.71772
5.65443
5.66376
5.67356
5.62123
5.701
5.70299
5.62659
5.64249
5.70331
5.70103
5.71812
5.66348
5.67171
5.66906
5.59795
5.60243
5.5286
5.48562
5.45592
5.45289
5.47055
5.55887
5.61373
5.61797
5.6232
5.61357
5.63734
5.62486
5.62498
5.62752
5.63378
5.6419
5.62951
5.64435
5.56921
5.58945
5.66091
5.66476
5.67389
5.65148
5.66413
5.68157
5.69768
5.68882
5.76418
5.884
5.95095
5.97845
6.03775
6.04584
6.12559
6.11587
6.15399
6.17682
6.26871
6.35455
6.4364
6.51332
6.57633
6.66023
6.73255
6.72833
6.74388
6.73604
6.73578
6.72861
6.72465
6.7115
6.72388
6.69564
6.70357
6.77078
6.75715
6.76113
6.70499
6.59715
6.60996
6.5907
6.59949
6.68366
6.59089
6.49886
6.43742
6.4211
6.35712
6.28792
6.19437
6.12482
6.06771
5.97899
5.9142
5.97725
6.06518
6.0627
6.08026
5.99614
5.93392
5.87709
5.80062
5.7774
5.69704
5.60822
5.55012
5.55339
5.63644
5.74044
5.65738
5.71384
5.70308
5.79244
5.86885
5.87809
5.93083
5.91937
5.89372
5.87969
5.87458
5.8854
5.86898
5.87848
5.87201
5.8317
5.75209
5.74549
5.7232
5.73038
5.74556
5.73019
5.70775
5.72374
5.79166
5.87247
5.8447
5.83805
5.75784
5.6493
5.63582
5.57352
5.52403
5.45486
5.52025
5.62743
5.56842
5.6431
5.64296
5.65913
5.78303
5.77398
5.87156
5.93891
6.00319
6.04519
6.10259
6.17888
6.26462
6.41766
6.47099
6.48214
6.49791
6.52984
6.48985
6.62243
6.68003
6.67973
7.05411
7.14053
7.1553
7.15848
7.14313
7.05922
6.98591
6.96356
7.02042
7.0309
7.10133
7.17448
7.12352
7.14103
7.16731
7.19957
7.14086
7.15773
7.10838
7.07826
7.05598
7.00056
6.96913
7.02711
7.17637
7.26108
7.31201
7.21527
7.22432
7.3035
7.05278
7.05883
7.19614
7.3282
7.42309
7.50067
7.51245
7.50483
7.53607
7.4636
7.49887
7.42488
7.54739
7.66985
7.64998
7.56112
7.56776
7.52325
7.51889
7.5082
7.61254
7.64838
7.62939
7.66883
7.60587
7.59481
7.5715
7.56631
7.57801
7.53718
7.47466
7.40978
7.37211
7.32388
7.22587
7.21388
7.20142
7.18907
7.14907
7.23416
7.20519
7.26011
7.13377
6.98753
6.94833
6.95
7.01221
6.96364
7.03153
7.06515
6.95498
6.8977
6.96779
6.93049
6.82407
6.78931
6.70225
6.62515
6.64643
6.70378
6.68989
6.71093
6.61395
6.61081
6.66494
6.62522
6.66379
6.6494
6.57024
6.47467
6.40051
6.32675
6.28932
6.38264
6.36698
6.41063
6.39776
6.46035
6.36115
6.34604
6.33314
6.32364
6.29501
6.27998
6.33531
6.32104
6.31375
6.37138
6.25446
6.15162
6.11843
6.14323
6.47248
6.39518
6.3282
6.73713
6.68817
6.69583
6.75675
6.8337
6.93536
6.99491
7.03072
6.98379
7.06744
7.4082
7.47144
7.43486
7.54851
7.58211
7.5554
7.51017
7.52079
7.50279
7.48734
7.40625
7.42581
7.69344
7.72974
7.81111
7.88653
7.79576
7.5147
7.57523
7.59071
7.12309
7.0741
7.02954
7.05705
6.95895
6.91682
6.85989
6.8354
6.82749
6.68724
6.329
6.22887
6.18956
6.14142
6.08643
6.06587
6.11412
6.09065
6.10609
6.06435
6.11224
6.1511
5.82575
5.85397
5.76594
5.63785
5.63346
5.56295
5.49877
5.5275
5.58826
5.62283
5.65932
5.56083
5.55531
5.46721
5.46637
5.40779
5.34955
5.3642
5.33221
5.36114
5.37027
5.38479
5.38562
5.45384
5.4279
5.42161
5.4462
5.50353
5.51042
5.46429
5.40727
5.40174
5.47605
5.54328
5.58259
5.63821
5.69123
5.69717
5.68466
5.68916
5.61746
5.67571
5.7566
5.77048
5.75936
5.7845
5.85313
5.90366
5.89423
5.90937
6.03331
6.03003
6.05757
6.04059
6.05164
6.06057
6.04039
6.05246
6.07006
6.09064
6.18004
6.2114
6.21101
6.22684
6.25534
6.27406
6.27674
6.30487
6.3466
6.30796
6.31889
6.28468
6.32399
6.34077
6.36206
6.41655
6.37643
6.38926
6.47805
6.46224
6.35916
6.32963
6.28195
6.33888
6.33427
6.35972
6.39113
6.34848
6.37015
6.4277
6.36436
6.28741
6.2953
6.3202
6.27134
6.29611
6.30839
6.30552
6.28653
6.35589
6.43739
6.51536
6.43063
6.50334
6.56985
6.57855
6.62813
6.57371
6.53
6.45957
6.52931
6.57063
6.55279
6.5447
6.53574
6.53305
6.53009
6.59373
6.60294
6.60997
6.69618
6.71279
6.72077
6.71182
6.76961
6.73594
6.67245
6.66008
6.7532
6.67714
6.68839
6.66197
6.7157
6.71088
6.68362
6.66601
6.68091
6.72609
6.74093
6.82125
6.79596
6.79134
6.84609
6.80171
6.7559
6.76511
6.77381
6.68766
6.65234
6.65133
6.60995
6.66239
6.65741
6.63884
6.63596
6.56569
6.71149
6.71461
6.61096
6.65753
6.63734
6.65258
6.58957
6.50021
6.51303
6.52235
6.51625
6.50362
6.43557
6.4292
6.44703
6.45065
6.3884
6.40659
6.40893
6.32237
6.23052
6.22551
6.17202
6.10345
6.09687
6.03987
6.04692
6.04245
6.04014
6.12736
6.04411
6.05242
6.07908
6.02938
6.0371
5.96729
5.95977
6.05657
5.98969
5.97673
5.90486
5.91897
5.92281
5.85274
5.80194
5.72349
5.8087
5.72707
5.72277
5.72239
5.71983
5.75152
5.75456
5.84437
5.86794
5.94994
5.89428
5.90862
5.93064
5.93383
5.94546
5.94541
5.86844
5.94712
5.8676
5.94823
6.01799
6.01073
6.09677
6.11404
6.1828
6.1931
6.25049
6.29191
6.33939
6.41341
6.41079
6.46447
6.52624
6.5994
6.66322
6.69895
6.68658
6.63058
6.62876
6.60789
6.57734
6.5701
6.4994
6.4948
6.47512
6.38973
6.44692
6.35238
6.4136
6.40404
6.34789
6.33975
6.32776
6.33444
6.32473
6.30905
6.31492
6.34047
6.3367
6.33715
6.32495
6.36317
6.38309
6.40051
6.64849
6.58275
6.58922
6.54402
6.48824
6.45185
6.47296
6.41957
6.42794
6.35758
6.30543
6.32135
6.27743
6.31584
6.27548
6.20308
6.23511
6.25513
6.27099
6.28029
6.23897
6.27751
6.22705
6.26462
6.30241
6.32884
6.3108
6.33087
6.27691
6.33162
6.05782
6.16025
6.20306
6.31008
6.35934
6.46085
6.61066
6.63616
6.82832
6.89353
6.93316
7.08311
7.24387
7.35384
7.46189
7.528
7.53471
7.51554
7.48573
7.4626
7.48908
7.47309
7.56476
7.50143
7.44223
7.39805
7.37697
7.31051
7.31929
7.21315
7.20402
7.13008
7.12486
7.05526
7.01779
6.92332
6.79349
6.77867
6.60473
6.5685
6.64781
6.52233
6.37304
6.37179
6.28365
6.25409
6.34936
6.40215
6.40337
6.39655
6.49843
6.46257
6.40928
6.41243
6.45323
6.51735
6.53567
6.57393
6.67143
6.80536
6.85117
7.007
7.14841
7.28898
7.38726
7.55289
7.57063
7.69105
7.79515
7.93856
7.89637
8.07616
8.21101
8.22796
8.34373
8.46382
8.46757
8.49788
8.6092
8.63146
8.56797
8.63312
8.66234
8.6822
8.64968
8.69605
8.76546
8.78468
8.74611
8.69688
8.64843
8.49235
8.40656
8.34258
8.31354
8.13668
8.195
8.14637
8.0359
7.98533
7.99204
7.79142
7.70362
7.59679
7.55714
7.4797
7.44055
7.36474
7.25403
7.19692
7.12343
7.01331
6.9709
6.92603
6.86731
6.71146
6.59881
6.57264
6.49142
6.47015
6.51795
6.58045
6.54216
6.49092
6.46548
6.44435
6.43632
6.45866
6.46913
6.40983
6.31925
6.37503
6.31788
6.34794
6.30424
6.2998
6.25898
6.2667
6.27688
6.34735
6.40838
6.47617
6.52701
6.52616
6.62288
6.68802
6.78762
6.79172
6.77966
6.68405
6.63681
6.57134
6.5238
6.45599
6.38889
6.39252
6.30126
6.19147
6.1606
6.10917
6.12908
6.07861
6.10942
6.04949
6.11069
6.04039
5.97715
5.91015
5.8562
5.77377
5.83902
5.7915
5.79081
5.85852
5.80174
5.73228
5.64794
5.63186
5.6473
5.71176
5.74942
5.74029
5.7415
5.74877
5.77531
5.76943
5.81084
5.81305
5.80531
5.79665
5.86336
5.92601
5.98544
6.07135
6.02361
6.10522
6.13359
6.20157
6.27659
6.30347
6.30117
6.36427
6.38748
6.39443
6.44262
6.52337
6.5293
6.49103
6.58254
6.58021
6.60904
6.62201
6.62932
6.63466
6.61937
6.65283
6.61973
6.61651
6.63427
6.65191
6.5742
6.50958
6.44667
6.38548
6.3342
6.25998
6.28146
6.26334
6.18606
6.16793
6.0672
6.01139
5.92565
5.84314
5.76297
5.68662
5.67507
5.67878
5.58119
5.54453
5.48837
5.48857
5.56793
5.56638
5.62516
5.68694
5.72898
5.78242
5.83312
5.81284
5.8044
5.7955
5.76191
5.74034
5.7111
5.71145
5.68968
5.72579
5.79168
5.7937
5.8497
5.82551
5.90737
5.89634
5.97661
6.06514
6.05582
6.10661
6.10814
6.0785
6.06325
6.03953
5.94924
5.94727
5.89809
5.80323
5.783
5.74624
5.71014
5.71457
5.72479
5.80383
5.88181
5.96649
6.05598
6.1206
6.09974
6.00469
5.93008
5.91394
5.84897
5.84631
5.73429
5.75118
5.74852
5.7034
5.77101
5.72544
5.77607
5.85402
5.90242
5.89942
5.9894
