1.43993
159.719
195.597
217.473
229.553
237.684
243.781
248.057
251.342
254.093
256.211
257.889
259.405
260.759
261.868
262.82
263.716
264.427
265.177
265.872
266.422
266.931
267.356
268.065
268.439
268.711
269.001
269.235
269.539
269.826
279.007
277.623
277.898
277.71
277.708
277.63
277.544
277.499
277.464
277.39
277.392
277.396
277.404
277.388
277.437
277.41
277.377
277.406
277.37
277.462
277.516
277.484
277.475
277.197
277.167
277.253
277.331
277.379
277.402
277.356
277.403
277.392
277.418
277.438
277.417
277.486
277.42
277.372
277.355
277.395
277.369
277.361
277.327
277.354
277.247
277.21
277.287
277.303
277.278
277.211
277.256
277.353
277.395
277.476
277.48
277.544
277.592
277.663
277.691
277.768
277.817
277.865
277.856
277.97
278.042
277.992
278.001
278.105
278.113
278.118
278.26
279.065
279.046
279.048
279.149
279.201
279.111
279.062
279.001
278.888
278.773
278.711
278.728
278.74
278.694
278.561
278.484
278.415
278.305
278.248
278.215
278.196
278.249
278.174
278.091
278.1
278.215
278.194
278.242
278.227
278.115
277.295
277.269
277.237
277.243
277.301
277.414
277.464
277.57
277.699
277.753
277.779
277.759
277.723
277.77
277.763
277.708
277.665
277.704
277.733
277.703
277.742
277.719
277.723
277.823
277.835
277.829
277.803
277.833
277.816
277.829
277.883
277.983
278.023
278.011
278.025
278.034
278.081
277.992
277.891
277.865
277.797
277.819
277.839
277.891
277.925
277.932
278.04
278.082
278.077
278.074
278.073
278.056
277.988
277.921
277.947
277.931
277.902
277.782
277.758
277.732
277.739
277.641
277.589
277.598
277.551
277.446
277.329
277.315
277.279
277.199
277.135
277.132
277.126
277.066
277.112
277.15
277.089
277.028
277.029
277.019
276.994
276.95
276.917
276.868
276.788
276.789
276.862
276.964
277.07
277.123
277.155
277.218
277.289
277.188
277.161
277.167
277.313
277.429
277.462
277.576
277.687
277.611
277.618
277.67
277.647
277.72
277.717
277.74
277.711
277.846
277.93
278.085
278.177
278.304
278.393
278.385
278.354
278.261
278.12
278.197
278.2
278.238
278.273
278.423
278.476
278.575
278.457
278.467
278.56
278.504
278.49
278.559
278.528
278.546
278.593
278.648
278.694
278.728
278.831
278.695
278.596
278.511
278.44
278.321
278.344
278.351
278.36
278.427
278.567
278.433
278.338
278.325
278.182
278.16
278.189
278.078
278.026
277.921
277.811
277.751
277.681
277.69
277.692
277.655
277.566
277.439
277.349
277.345
277.242
277.202
277.276
277.285
277.344
277.394
277.376
277.369
277.357
277.36
277.308
277.381
277.495
277.492
277.645
277.665
277.689
277.751
277.875
277.908
278.047
278.189
278.315
278.282
278.335
278.364
278.48
279.221
279.347
279.338
279.332
279.358
279.363
279.397
279.385
279.358
279.427
279.392
279.35
279.313
279.3
279.276
279.192
279.175
279.125
279.052
278.965
278.996
278.964
278.98
278.888
278.816
278.696
278.637
278.742
278.724
278.603
277.946
277.927
277.938
277.986
278.036
278.038
278.066
278.051
278.064
277.929
277.986
278.03
278.042
278.086
278.049
278.062
278.061
278.109
278.08
278.052
278.008
278.059
278.102
278.042
277.96
277.981
278.005
277.841
277.824
277.845
277.767
277.703
277.694
277.702
277.676
277.568
277.491
277.443
277.436
277.485
277.511
277.616
277.612
277.603
277.626
277.655
277.606
277.48
277.482
277.499
277.423
277.353
277.306
277.438
277.47
277.535
277.65
277.689
277.739
277.747
277.732
277.733
277.705
277.678
277.679
277.745
277.773
278.326
278.292
278.314
278.35
278.337
278.359
278.384
278.392
278.353
278.43
278.416
278.423
278.405
278.467
278.409
278.39
278.314
278.378
278.331
278.251
278.285
278.274
278.275
278.279
278.266
278.232
278.203
278.175
278.133
278.05
277.566
277.605
277.528
277.409
277.306
277.223
277.14
277.067
277.07
277.074
277.201
277.216
277.277
277.288
277.356
277.373
277.453
277.507
277.644
277.679
277.613
277.6
277.638
277.745
277.773
277.802
277.819
277.875
277.927
278.034
278.043
278.054
278.075
278.12
278.157
278.233
278.32
278.402
278.488
278.57
278.509
278.533
278.547
278.559
278.575
278.64
278.571
278.508
278.409
278.363
278.323
278.294
278.309
278.166
278.136
278.115
278.125
278.147
278.114
278.094
278.075
278.102
278.125
278.134
278.117
278.133
278.092
278.029
277.989
277.903
278.017
277.967
277.995
277.933
277.936
277.911
277.922
277.865
277.779
277.806
277.855
277.867
277.846
277.931
277.978
278.018
278.09
278.108
278.039
277.951
277.883
277.818
277.821
277.784
277.783
277.732
277.682
277.724
277.731
277.802
277.767
277.881
277.894
277.981
278.001
278.047
278.055
278.132
278.27
278.424
278.506
278.623
278.634
278.589
278.523
278.557
278.498
278.479
278.616
278.799
278.87
278.885
278.911
278.97
279.048
279.232
279.378
279.524
279.604
279.645
279.62
279.533
279.542
279.528
279.533
279.451
279.456
279.489
279.478
279.548
279.566
279.617
279.695
279.704
279.775
279.706
279.735
279.762
279.761
279.663
279.621
279.615
279.565
279.471
279.352
279.277
279.178
279.054
278.942
278.867
278.801
278.89
278.858
278.842
278.839
278.925
278.944
278.945
278.901
278.771
278.684
278.592
278.595
278.534
278.578
278.572
278.545
278.453
278.384
278.454
278.49
278.509
278.618
278.698
278.818
278.751
278.758
278.806
278.857
278.836
278.813
278.784
278.771
278.683
278.642
278.528
278.5
278.441
278.368
278.316
278.235
278.11
278.105
278.141
278.008
277.974
277.937
277.921
277.94
277.953
277.916
277.885
277.816
277.672
277.545
277.532
277.456
277.371
277.308
277.267
277.253
277.144
277.082
277.155
277.18
277.197
277.161
277.161
277.164
277.197
277.325
277.361
277.23
277.306
277.481
277.635
277.704
277.794
277.872
277.82
277.849
277.88
277.909
277.996
277.981
278.041
278.119
278.147
278.191
278.288
278.468
278.619
278.701
278.739
278.789
278.88
278.958
278.944
279.098
279.127
279.164
279.249
279.388
279.307
279.211
279.15
279.111
279.058
278.997
279.009
279.065
279.103
279.122
279.144
279.21
279.172
279.162
279.141
279.148
279.123
278.921
278.829
278.791
278.777
278.69
278.597
278.64
278.71
278.698
278.641
278.57
278.565
278.5
278.566
278.598
278.612
278.59
278.605
278.658
278.63
278.565
278.532
278.615
278.57
278.585
278.564
278.549
278.557
278.563
278.528
278.631
278.624
278.661
278.641
278.691
278.741
278.689
278.653
278.691
278.684
278.687
278.678
278.746
278.733
278.685
278.695
278.688
278.664
278.67
278.893
278.905
278.88
278.742
278.816
278.722
278.765
278.775
278.743
278.66
278.578
278.541
278.509
278.505
278.577
278.526
278.571
278.487
278.409
278.339
278.557
278.555
278.503
278.412
278.356
278.377
278.414
278.449
278.415
278.32
278.116
278.092
278.088
278.097
278.012
278.016
278.006
277.922
277.914
277.956
278.255
278.429
278.595
278.54
278.508
278.523
278.527
278.529
278.633
278.639
278.392
278.406
278.375
278.444
278.459
278.481
278.48
278.4
278.463
278.525
278.568
278.639
278.691
278.73
278.847
279.004
279.136
279.214
279.273
279.315
279.108
278.931
278.898
278.99
279.009
279.1
279.119
279.19
279.218
279.239
279.225
279.21
279.202
279.125
279.137
279.12
279.038
279.087
278.969
279.012
278.892
278.843
278.843
278.757
278.573
278.517
278.393
278.43
278.347
278.351
278.307
278.236
278.081
277.972
277.866
277.814
277.718
277.604
277.547
277.548
277.58
277.492
277.462
277.454
277.504
277.485
277.462
277.559
277.644
277.627
277.695
277.636
277.581
277.627
277.701
277.673
277.735
277.648
277.67
277.601
277.566
277.662
277.684
277.778
277.797
277.731
277.787
277.856
277.794
277.736
277.647
277.712
277.775
277.787
277.779
277.838
277.885
277.798
277.819
277.738
277.665
277.68
277.672
277.698
277.732
277.739
277.759
277.85
277.915
277.954
278.06
277.988
277.976
277.946
277.963
277.968
277.982
277.986
278.049
278.051
278.115
278.144
278.123
278.136
278.138
278.115
278.076
278.061
278.071
278.07
278.197
278.269
278.291
278.242
278.225
278.212
278.167
278.138
278.12
278.154
278.209
278.288
278.39
278.482
278.531
278.586
278.609
278.635
278.713
278.772
278.83
278.873
278.972
279
279.054
279.031
279.069
279.129
279.143
279.15
279.179
279.14
279.135
279.231
279.287
279.331
279.373
279.416
279.415
279.373
279.293
279.314
279.277
279.281
279.317
279.349
279.398
279.421
279.399
279.525
279.564
279.492
279.52
279.555
279.475
279.575
279.674
279.805
279.874
280.075
280.076
280.131
280.231
280.309
280.414
280.476
280.428
280.4
280.433
280.552
280.608
280.629
280.773
280.681
280.714
280.755
280.751
280.809
280.859
280.757
280.723
280.75
280.761
280.819
280.861
280.764
280.787
280.67
280.631
280.532
280.464
280.394
280.384
280.263
280.126
280.057
279.99
279.974
279.906
279.768
279.664
279.555
279.345
279.248
279.07
278.932
278.807
278.622
278.503
278.537
278.465
278.395
278.35
278.205
278.146
278.106
278.009
277.927
277.877
277.757
277.701
277.719
277.64
277.559
277.5
277.482
277.525
277.523
277.564
277.652
277.712
277.758
277.803
277.842
277.879
277.84
277.813
277.93
277.945
277.828
277.841
277.93
277.908
277.969
277.979
278.052
278.002
277.967
277.888
278.313
278.462
278.465
278.706
278.757
278.797
278.84
278.894
278.902
278.864
278.923
279.076
279.016
279.166
279.199
279.251
279.379
279.46
279.452
279.478
279.549
279.615
279.544
279.57
279.51
279.486
279.468
279.45
279.448
279.54
279.144
279.012
279.014
278.863
278.846
278.837
278.809
278.749
278.791
278.812
278.64
278.418
278.433
278.302
278.34
278.307
278.34
278.381
278.38
278.338
278.281
278.178
278.194
278.204
278.208
278.268
278.287
278.345
278.458
278.408
278.469
278.475
278.475
278.476
278.485
278.535
278.473
278.466
278.404
278.459
278.547
278.594
278.66
278.603
278.532
278.581
278.539
278.484
278.433
278.463
278.449
278.458
278.488
278.416
278.5
278.457
278.489
278.386
278.437
278.492
278.487
278.533
278.531
278.431
278.47
278.468
278.569
278.526
278.55
278.483
278.49
278.506
278.451
278.548
278.528
278.539
278.602
278.645
278.72
278.781
278.87
278.923
278.909
278.945
278.968
279.043
279.053
279.169
279.138
279.222
279.174
279.184
279.246
279.404
279.37
279.403
279.4
279.467
279.541
279.611
279.594
279.56
279.606
279.613
279.678
279.567
279.505
279.417
279.384
279.399
279.292
279.308
279.336
279.326
279.19
279.088
279.086
279.031
278.967
