608.862
313.773
214.744
165.432
135.813
116.216
102.038
91.2332
83
76.1405
70.5671
65.9684
62.0653
58.7255
55.8263
53.2556
51.0394
49.0587
47.2831
45.6906
44.2455
42.9342
41.7245
40.6292
39.604
38.6553
37.7752
36.9858
36.2439
35.5511
15.77
15.6426
15.6039
15.538
15.4426
15.3139
15.2295
15.1943
15.1059
15.1096
15.1167
15.0979
15.0984
15.0713
15.0485
15.0481
15.0122
14.9817
14.9546
14.9222
14.8929
14.8634
14.8398
14.8075
14.7889
14.773
14.7581
14.7341
14.698
14.6824
14.6468
14.6466
14.6243
14.6068
14.6257
14.6325
14.6487
14.6778
14.7128
14.7276
14.7459
14.7543
14.7317
14.7453
14.7599
14.7641
14.781
14.7917
14.8027
14.8152
14.8295
14.8411
14.8396
14.8545
14.8759
14.9037
14.9248
14.9262
14.9432
14.9267
14.9455
14.9284
14.9278
14.9234
14.9174
14.9244
14.9209
14.8854
14.8662
14.8592
14.8301
14.8416
14.8478
14.8667
14.8804
14.9017
14.8964
14.9207
14.94
14.9602
14.9727
14.9846
15.0149
15.0144
15.0071
14.9928
14.9827
14.9793
14.9598
14.9703
14.9701
14.9846
14.9909
14.9926
14.9931
14.9961
14.9977
15.0136
14.9975
15.0006
14.987
14.9504
14.9408
14.903
14.8678
14.8413
14.8282
14.8005
14.8036
14.7926
14.7962
14.7777
14.7793
14.7899
14.7873
14.789
14.7743
14.7587
14.7658
14.7664
14.7485
14.7564
14.7727
14.7803
14.8026
14.7853
14.7699
14.7565
14.7712
14.7551
14.7555
14.7594
14.7711
14.7724
14.7911
14.7808
14.7933
14.7999
14.7792
14.7702
14.7349
14.742
14.7103
14.6841
14.6861
14.6792
14.6999
14.6976
14.692
14.6795
14.6846
14.6624
14.6281
14.6139
14.6096
14.6343
14.6643
14.6757
14.6673
14.7019
14.7162
14.7471
14.7446
14.7543
14.7726
14.7855
14.7779
14.7692
14.7761
14.7776
14.7918
14.7757
14.7858
14.7857
14.7711
14.7625
14.7451
14.7606
14.762
14.7611
14.7611
14.7815
14.7912
14.7826
14.7515
14.741
14.7469
14.7639
14.7724
14.741
14.7299
14.7011
14.6911
14.6947
14.6617
14.6516
14.6458
14.6418
14.6414
14.6648
14.6646
14.6782
14.7059
14.7157
14.7515
14.7842
14.8158
14.8132
14.8479
14.8651
14.8998
14.9005
14.8894
14.8861
14.9023
14.9124
14.8775
14.864
14.8861
14.8991
14.9253
14.9364
14.9452
14.9333
14.9321
14.9744
15.0066
15.0285
15.0353
15.0198
15.027
15.0532
15.0548
15.0556
15.0581
15.0414
15.0439
15.0641
15.0435
15.064
15.0589
15.0524
15.0692
15.0894
15.093
15.0863
15.1012
15.113
15.0749
15.0778
15.0637
15.0479
15.0769
15.0887
15.1123
15.0816
15.064
15.0458
15.0364
15.0325
15.0334
14.9944
14.9747
14.9761
14.9538
14.9369
14.9217
14.9093
14.8947
14.8715
14.8404
14.8447
14.826
14.8264
14.8042
14.815
14.819
14.7922
14.8528
14.8372
14.8596
14.9012
14.8642
14.8685
14.8448
14.8329
14.8196
14.8116
14.7927
14.7744
14.7616
14.7698
14.759
14.7612
14.755
14.771
14.7529
14.7381
14.741
14.7283
14.7303
14.717
14.7229
14.7197
14.7224
14.7581
14.7405
14.7611
14.7138
14.7179
14.7093
14.6846
14.7033
14.6987
14.7027
14.7076
14.7103
14.7157
14.7384
14.7411
14.7615
14.7715
14.7702
14.7791
14.7929
14.7795
14.7946
14.8327
14.8642
14.8665
14.8663
14.8683
14.8705
14.8591
14.863
14.806
14.8187
14.8014
14.7909
14.7917
14.7702
14.7608
14.7469
14.7537
14.7689
14.7867
14.8041
14.8372
14.8174
14.8356
14.8306
14.8166
14.8159
14.799
14.7908
14.7954
14.8016
14.7638
14.7504
14.749
14.7687
14.8054
14.8415
14.8548
14.8869
14.921
14.9474
14.9744
15.0094
15.0366
15.0356
15.0467
15.0574
15.0626
15.065
15.083
15.0978
15.0999
15.1041
15.1075
15.1018
15.1156
15.1305
15.1318
15.1297
15.1479
15.1391
15.1971
15.2165
15.2296
15.2435
15.224
15.2058
15.2096
15.1927
15.1686
15.1485
15.1412
15.1233
15.1137
15.1331
15.1391
15.1378
15.1201
15.1042
15.0704
15.0405
15.0062
15.0034
14.9836
14.9912
14.9968
14.9814
14.9811
14.9717
14.9514
14.9407
14.8816
14.8674
14.8691
14.8527
14.8507
14.8472
14.8415
14.8323
14.8331
14.8296
14.8369
14.8384
14.836
14.8174
14.8018
14.7902
14.7907
14.7894
14.788
14.7849
14.7881
14.7878
14.7866
14.7662
14.7891
14.8129
14.8372
14.8602
14.8905
14.9048
14.9373
14.9288
14.9272
14.9242
14.9452
14.9633
14.9825
15.0089
15.0265
15.0297
15.0028
15.0038
14.9886
14.9885
15.0045
15.0059
15.0234
15.0369
15.0528
15.0737
15.086
15.1285
15.1669
15.1831
15.1579
15.1392
15.1172
15.1015
15.0765
15.0737
15.0516
15.0463
15.0434
15.0364
15.008
14.981
14.9605
14.9357
14.9157
14.9081
14.9199
14.9102
14.9176
14.9332
14.93
14.9402
14.9319
14.9302
14.9265
14.9169
14.9121
14.8992
14.8706
14.8631
14.8542
14.8597
14.8604
14.862
14.8639
14.863
14.8626
14.8637
14.8606
14.8778
14.8858
14.9045
14.9135
14.9061
14.9036
14.902
14.8967
14.896
14.8908
14.8799
14.8832
14.878
14.8735
14.8678
14.861
14.8552
14.8502
14.8434
14.8533
14.8656
14.8776
14.887
14.8973
14.9114
14.906
14.9006
14.8931
14.8862
14.885
14.8617
14.8621
14.84
14.8361
14.8543
14.8527
14.8649
14.8771
14.8841
14.8966
14.8941
14.8771
14.8908
14.8872
14.8816
14.8777
14.8816
14.8757
14.8532
14.8368
14.8198
14.8356
14.8282
14.8461
14.839
14.8429
14.8602
14.8599
14.8581
14.8534
14.8583
14.8415
14.855
14.857
14.8366
14.864
14.847
14.8314
14.8162
14.8005
14.8633
14.8615
14.8537
14.8937
14.907
14.9261
14.9352
14.9502
14.9992
15.0072
15.0381
15.0109
15.0096
14.9894
14.9876
15.0178
15.0149
15.0237
15.046
15.0902
15.1102
15.1209
15.1383
15.1307
15.1636
15.1571
15.1546
15.1541
15.1537
15.1489
15.0834
15.0817
15.0666
15.0212
15.0066
14.9885
14.9685
14.947
14.8935
14.8773
14.8363
14.8241
14.8277
14.8096
14.8075
14.7807
14.8443
14.8644
14.8372
14.785
14.755
14.7402
14.7001
14.685
14.6662
14.6366
14.6308
14.6458
14.6511
14.6905
14.7017
14.7152
14.728
14.7259
14.7397
14.7304
14.7283
14.7474
14.7561
14.765
14.7805
14.7809
14.7803
14.7927
14.7892
14.7927
14.7053
14.7083
14.7217
14.739
14.7524
14.7671
14.7828
14.802
14.796
14.8048
14.8273
14.8177
14.8241
14.7835
14.7871
14.7871
14.7804
14.7986
14.7961
14.8163
14.8314
14.828
14.8373
14.8565
14.8549
14.9122
14.9098
14.9127
14.9192
14.9039
14.926
14.9024
14.8934
14.8823
14.8744
14.9247
14.9412
14.9548
14.9721
15.006
15.0161
15.0214
15.0395
15.0607
15.0516
15.0589
15.0739
15.0597
15.0667
15.0648
15.0559
15.0652
15.0561
15.0329
15.0953
15.0428
15.0516
15.0749
15.0754
15.0906
15.0794
15.0975
15.0993
15.1047
15.1258
15.0837
15.0667
15.0537
15.0472
15.022
14.9959
14.9856
14.9564
14.9445
14.961
14.9437
14.9298
14.9497
14.9457
14.9823
15.0098
15.0027
15.0122
15.0262
14.992
15.0211
15.0288
15.0101
15.0161
15.0197
15.0136
15.0064
15.0162
15.0154
15.0371
15.0281
15.0275
15.0178
15.0059
14.9972
15.0183
15.0252
15.0545
15.074
15.0718
15.0799
15.1007
15.0826
15.0772
15.0294
15.018
15.0269
15.0133
14.9999
14.9866
14.9598
14.9474
14.9344
14.9327
14.9393
14.9493
14.9299
14.9215
14.921
14.8789
14.8691
14.8594
14.855
14.8492
14.8493
14.8285
14.8168
14.7844
14.7572
14.7469
14.734
14.7096
14.7075
14.6961
14.693
14.6731
14.6511
14.6671
14.6752
14.6672
14.6723
14.6516
14.6636
14.6412
14.6284
14.6319
14.639
14.65
14.6469
14.6439
14.6431
14.6396
14.6401
14.6395
14.6289
14.6459
14.6474
14.7082
14.749
14.7723
14.7865
14.7949
14.812
14.8128
14.8164
14.8196
14.8335
14.8141
14.8023
14.7864
14.7737
14.7775
14.7596
14.7638
14.7514
14.7382
14.7495
14.7389
14.7378
14.7405
14.7425
14.7472
14.7484
14.7616
14.7655
14.7511
14.7504
14.6893
14.6772
14.6595
14.6463
14.6513
14.6497
14.6683
14.6682
14.6698
14.657
14.6603
14.7194
14.7541
14.7914
14.8229
14.855
14.8836
14.8998
14.9117
14.8899
14.8855
14.8832
14.8787
14.8761
14.8904
14.9005
14.9193
14.9317
14.9599
14.9779
14.9881
14.9613
14.943
14.9432
14.9276
14.911
14.892
14.89
14.885
14.9054
14.9393
14.8843
14.8501
14.8153
14.7835
14.7708
14.7594
14.7548
14.7735
14.8125
14.8268
14.8958
14.9125
14.9274
14.9229
14.9486
14.9884
14.9986
14.9803
14.9841
14.9984
15.0026
15.01
15.0145
15.0202
15.0236
15.0274
15.0269
15.0282
15.0183
15.0088
15.0213
15.0252
15.0292
15.064
15.0495
15.0336
15.0273
14.9995
14.9675
14.9564
14.8955
14.8865
14.8947
14.8904
14.86
14.795
14.8403
14.8499
14.8768
14.8801
14.9203
14.9402
14.9833
15.0006
15.0451
15.0894
15.112
15.1571
15.1838
15.2026
15.2172
15.2261
15.2349
15.2107
15.2358
15.2579
15.2728
15.2975
15.313
15.3422
15.367
15.3723
15.3753
15.3754
15.3929
15.4137
15.3735
15.369
15.3637
15.3857
15.4087
15.3954
15.3666
15.3705
15.3357
15.2999
15.2889
15.2563
15.2424
15.2263
15.2187
15.2382
15.2395
15.2464
15.2537
15.2579
15.2941
15.3278
15.3789
15.3865
15.3948
15.424
15.4443
15.4611
15.4777
15.4742
15.4702
15.4733
15.458
15.433
15.3868
15.3965
15.4026
15.3984
15.4496
15.5011
15.5111
15.5217
15.5374
15.53
15.5282
15.5141
15.5157
15.5094
15.4862
15.4707
15.4258
15.3742
15.3097
15.2744
15.2625
15.2377
15.2012
15.2003
15.1621
15.1674
15.1623
15.1401
15.136
15.1303
15.1247
15.1212
15.1151
15.094
15.0306
14.969
14.9695
14.9467
14.9137
14.8929
14.8908
14.8761
14.8636
14.8765
14.8832
14.8708
14.8609
14.8521
14.8473
14.8479
14.8251
14.812
14.8045
14.7841
14.7832
14.7601
14.7628
14.7778
14.7756
14.7617
14.753
14.7552
14.7581
14.7724
14.7884
14.7873
14.7677
14.7713
14.7717
14.7754
14.7622
14.7659
14.7809
14.7812
14.7681
14.7681
14.7713
14.7713
14.7731
14.7712
14.7688
14.7676
14.7685
14.8019
14.8025
14.8156
14.8102
14.8111
14.8422
14.858
14.8541
14.8544
14.8692
14.8796
14.879
14.8982
14.8958
14.9132
14.9068
14.9206
14.9298
14.9587
14.9704
14.9634
14.9703
15.0046
15.0011
15.0008
15.017
15.0301
15.0568
15.0579
15.0808
15.0789
15.0973
15.1023
15.1227
15.1413
15.1212
15.1184
15.1348
15.1533
15.1452
15.1546
15.1737
15.1597
15.18
15.1627
15.168
15.152
15.1402
15.1113
15.0829
15.0692
15.0612
15.0253
15.0383
15.044
15.0288
15.0165
14.9952
14.9982
14.9744
14.9604
14.96
14.9559
14.9407
14.9106
14.8823
14.8724
14.8611
14.8289
14.8219
14.8167
14.7898
14.7909
14.7747
14.7758
14.7747
14.7792
14.7808
14.7936
14.7947
14.8028
14.8018
14.8071
14.7951
14.7908
14.7874
14.7961
14.7952
14.8002
14.8293
14.8084
14.7947
14.7796
14.7642
14.7641
14.7875
14.8213
14.8528
14.8687
14.8678
14.8588
14.8523
14.8485
14.8624
14.8617
14.9118
14.9194
14.9193
14.9004
14.9016
14.8941
14.8918
14.8896
14.8891
14.9051
14.9076
14.8975
14.8935
14.8836
14.8505
14.8725
14.8837
14.8825
14.8908
14.8898
14.8661
14.8265
14.7937
14.7745
14.7588
14.7425
14.7475
14.7496
14.7355
14.7316
14.6791
14.6659
14.6623
14.6676
14.6645
14.6669
14.6753
14.6734
14.6765
14.6598
14.6592
14.6582
14.6607
