624.671
326.12
224.933
175.056
144.524
124.117
109.805
99.0196
90.5445
83.4703
77.6879
72.8188
68.7404
65.2032
62.1946
59.5093
57.1423
55.0307
53.1818
51.4853
49.9426
48.5655
47.2881
46.121
45.0455
44.0698
43.1369
42.2707
41.4646
40.7148
20.5234
20.2371
20.1182
19.9041
19.7901
19.6861
19.5189
19.3649
19.2394
19.2319
19.2006
19.208
19.1921
19.1916
19.1617
19.1663
19.1662
19.169
19.1371
19.1282
19.1243
19.1175
19.1225
19.1217
19.1142
19.097
19.1086
19.1197
19.1113
19.0982
19.1084
19.1108
19.1127
19.1005
19.1107
19.1129
19.1199
19.1122
19.1122
19.0799
19.0727
19.0552
19.0478
19.051
19.0499
19.0466
19.0442
19.0493
19.0453
19.0523
19.0465
19.0373
19.0472
19.0565
19.0791
19.0926
19.091
19.0862
19.0938
19.1013
19.0902
19.0805
19.0736
19.0973
19.0837
19.0728
19.0766
19.081
19.0902
19.1078
19.1094
19.1151
19.1192
19.1132
19.1053
19.0934
19.0809
19.0846
19.1052
19.1531
19.163
19.1594
19.1696
19.1696
19.1677
19.1717
19.1936
19.2433
19.2505
19.2889
19.3163
19.3404
19.3482
19.3587
19.367
19.4017
19.3979
19.4284
19.4379
19.437
19.4486
19.4676
19.4809
19.5012
19.5262
19.5309
19.5467
19.5233
19.5
19.4382
19.43
19.4341
19.4087
19.3826
19.3525
19.3218
19.2826
19.2206
19.2093
19.1678
19.1358
19.1264
19.1132
19.0828
19.0706
19.0375
19.0282
19.0399
19.045
19.0546
19.0403
19.0272
18.9951
18.9714
18.9481
18.9363
18.9184
18.9284
18.9364
18.9358
18.9427
18.9219
18.9015
18.8972
18.9133
18.9255
18.9363
18.9373
18.9542
18.9682
18.9699
18.9544
18.9716
18.9789
18.9762
18.994
19.0009
18.9703
18.9549
18.9428
18.9552
18.9594
18.9943
19.0112
19.0284
19.059
19.0647
19.0592
19.0823
19.0905
19.0895
19.108
19.1217
19.1383
19.1203
19.1251
19.1373
19.1465
19.1284
19.1347
19.1336
19.1496
19.1494
19.1576
19.163
19.1584
19.1651
19.1639
19.1596
19.1537
19.1628
19.1857
19.1586
19.1384
19.1374
19.1156
19.1511
19.1669
19.1412
19.1528
19.1465
19.1428
19.1576
19.1657
19.1723
19.1711
19.168
19.2007
19.2095
19.2047
19.2123
19.2036
19.2064
19.2068
19.2111
19.2244
19.2251
19.2346
19.2341
19.2708
19.269
19.2703
19.2696
19.293
19.2762
19.2739
19.2393
19.2244
19.2277
19.2149
19.2349
19.2438
19.2414
19.2464
19.2623
19.2682
19.2702
19.2382
19.2473
19.241
19.2546
19.2565
19.2466
19.2504
19.2498
19.229
19.2198
19.2029
19.1975
19.1646
19.1501
19.1073
19.1234
19.0999
19.101
19.1028
19.1044
19.1048
19.1035
19.1049
19.0894
19.0785
19.0615
19.0544
19.0469
19.0607
19.0566
19.0505
19.0561
19.0649
19.0632
19.0589
19.0705
19.0706
19.0815
19.0962
19.0921
19.107
19.1053
19.1049
19.1246
19.1299
19.1365
19.1395
19.1567
19.1652
19.1779
19.1798
19.1941
19.2248
19.2402
19.254
19.2649
19.2749
19.2768
19.2534
19.2549
19.2799
19.2816
19.2936
19.3091
19.3326
19.3451
19.3603
19.3734
19.3873
19.4143
19.4281
19.4603
19.4874
19.4847
19.5125
19.5225
19.5487
19.5642
19.5819
19.6012
19.6252
19.6388
19.6216
19.6569
19.6556
19.6959
19.7209
19.7528
19.7764
19.796
19.8238
19.8521
19.8766
19.8899
19.9316
19.938
19.9384
19.9429
19.9404
19.9497
19.9543
19.9438
19.9412
19.9828
20.0075
20.0225
20.0352
20.0533
20.0707
20.0816
20.0933
20.1072
20.1143
20.1097
20.153
20.1307
20.107
20.0792
20.0611
20.0611
20.0194
19.9872
19.9846
19.9833
19.9533
19.9421
19.9244
19.905
19.8875
19.863
19.8431
19.8358
19.8233
19.7793
19.7478
19.7217
19.7096
19.6802
19.6616
19.6784
19.653
19.6344
19.6357
19.6016
19.5587
19.5447
19.553
19.5563
19.5712
19.5555
19.5685
19.5731
19.5461
19.5337
19.5238
19.5366
19.5588
19.5829
19.5923
19.6445
19.6525
19.6597
19.6642
19.6675
19.6605
19.6586
19.6471
19.6411
19.6321
19.585
19.5878
19.5789
19.5701
19.574
19.5763
19.5926
19.5864
19.5872
19.5715
19.5716
19.5635
19.554
19.5507
19.5402
19.5394
19.6132
19.6149
19.6275
19.7604
19.7357
19.7579
19.7523
19.7611
19.7686
19.7675
19.8123
19.8353
19.8662
19.9005
19.9063
19.9123
19.9606
19.9777
19.9847
19.9832
19.9788
19.9771
19.9845
19.9956
20.0049
20.0038
20.0085
20.0091
20.0057
19.9978
19.9069
19.887
19.8549
19.7202
19.6996
19.6722
19.6924
19.6844
19.6997
19.7019
19.6578
19.6437
19.619
19.5915
19.5891
19.5927
19.5513
19.5434
19.5551
19.572
19.5823
19.5987
19.6157
19.6387
19.672
19.7137
19.7553
19.7987
19.8347
19.8888
19.9328
19.9761
20.0244
20.056
20.1023
20.1495
20.1739
20.2149
20.2339
20.2745
20.3119
20.3316
20.3617
20.3811
20.4061
20.4287
20.4499
20.4693
20.4729
20.4876
20.4936
20.4951
20.4921
20.487
20.4674
20.4498
20.4305
20.4041
20.3841
20.3395
20.2975
20.2586
20.2102
20.1744
20.1203
20.0666
20.0169
19.9805
19.9393
19.9065
19.8644
19.8757
19.8346
19.8119
19.7854
19.7551
19.7297
19.7027
19.6833
19.6535
19.6179
19.6012
19.577
19.5432
19.5084
19.4959
19.4709
19.4451
19.4313
19.4094
19.4441
19.4269
19.4147
19.4062
19.4001
19.395
19.3854
19.3652
19.3502
19.3349
19.3233
19.2669
19.2543
19.236
19.2152
19.214
19.2304
19.2399
19.2314
19.2264
19.2569
19.2577
19.2571
19.2829
19.3407
19.3147
19.3218
19.3312
19.33
19.3256
19.3054
19.3185
19.3217
19.3309
19.3396
19.3551
19.3706
19.3882
19.41
19.4163
19.4391
19.459
19.4706
19.4997
19.5361
19.5555
19.5542
19.5578
19.588
19.6163
19.6238
19.6387
19.662
19.6636
19.6431
19.6773
19.6821
19.6854
19.6971
19.7262
19.7327
19.7473
19.7654
19.7846
19.8058
19.8154
19.8161
19.8078
19.8084
19.8094
19.8042
19.7971
19.7927
19.7634
19.7344
19.6866
19.6585
19.6339
19.5873
19.547
19.4896
19.5017
19.4576
19.4209
19.3752
19.3764
19.3499
19.3165
19.2761
19.2373
19.1863
19.1551
19.1479
19.1303
19.1101
19.0755
19.06
19.0487
19.028
19.0081
18.9896
18.9815
18.9754
18.977
18.9738
18.9849
18.9819
18.9732
18.9794
18.9678
18.9852
18.9338
18.9457
18.9413
18.9513
18.9099
18.9052
18.9297
18.9448
18.9508
19.0231
19.0228
18.9981
18.9756
18.9554
19.0021
18.9952
19.002
18.9949
18.9922
18.9817
18.9824
18.9738
18.9679
18.9736
18.9703
18.9681
18.9686
18.9758
18.9916
18.9904
18.9927
18.9879
18.9937
18.9887
19.0005
19.0116
19.0054
19.0032
19.026
18.9903
19.0089
19.0341
19.0457
19.0586
19.0259
19.034
19.0308
19.0526
19.0583
19.0713
19.0799
19.1021
19.1222
19.1352
19.1616
19.1662
19.1912
19.2002
19.2165
19.234
19.2473
19.2546
19.2871
19.3097
19.3138
19.3384
19.3529
19.3596
19.3495
19.3287
19.3193
19.3122
19.3282
19.3433
19.3528
19.3749
19.3751
19.3874
19.4054
19.4209
19.4143
19.4543
19.4444
19.4328
19.4336
19.4384
19.4228
19.4156
19.4064
19.3991
19.3892
19.393
19.3688
19.3571
19.3586
19.3436
19.338
19.3471
19.3517
19.359
19.3632
19.3648
19.3594
19.3526
19.3455
19.3371
19.3437
19.3262
19.3196
19.3116
19.3864
19.3594
19.3763
19.4144
19.4311
19.4437
19.4766
19.4845
19.5195
19.5285
19.5408
19.5465
19.556
19.5803
19.5991
19.6026
19.6019
19.6024
19.5962
19.5847
19.5725
19.5632
19.5474
19.5527
19.5554
19.5516
19.5387
19.5475
19.5481
19.5341
19.4481
19.4182
19.4592
19.4466
19.4157
19.4087
19.3816
19.3777
19.3325
19.3297
19.3261
19.3303
19.3338
19.3103
19.3007
19.2874
19.2909
19.2858
19.2915
19.2965
19.319
19.3363
19.3564
19.3495
19.3437
19.353
19.3602
19.3604
19.3658
19.3847
19.4095
19.4301
19.3709
19.3583
19.3667
19.369
19.3775
19.3696
19.3935
19.3958
19.398
19.3981
19.3986
19.4196
19.4379
19.4834
19.4842
19.4974
19.4967
19.5166
19.5145
19.5251
19.5201
19.52
19.5424
19.5439
19.5629
19.5625
19.5961
19.5966
19.6159
19.6185
19.6239
19.6167
19.6208
19.6202
19.6118
19.6225
19.6103
19.638
19.6457
19.6479
19.6549
19.638
19.6117
19.5738
19.5721
19.559
19.5725
19.5588
19.5508
19.5326
19.528
19.5283
19.5116
19.5032
19.4939
19.4871
19.4492
19.4491
19.4239
19.4208
19.4363
19.4413
19.453
19.4568
19.5081
19.5395
19.5566
19.5385
19.5691
19.5956
19.6371
19.6433
19.6691
19.6839
19.7863
19.8172
19.828
19.8563
19.8818
19.9098
19.9395
19.9617
19.9915
20.0117
20.0427
20.0666
20.0962
20.1218
20.1471
20.1725
20.1881
20.211
20.2132
20.2482
20.2246
20.2296
20.2501
20.2612
20.2648
20.2792
20.2684
20.3114
20.3372
20.3802
20.3338
20.3612
20.4202
20.4736
20.5343
20.5871
20.6496
20.7603
20.8367
20.9105
20.9718
21.0411
21.1062
21.1713
21.2523
21.3285
21.4189
21.5189
21.5753
21.6077
21.6644
21.6883
21.7215
21.7461
21.7412
21.7352
21.7192
21.7616
21.7637
21.7468
21.727
21.7115
21.6775
21.6414
21.597
21.5487
21.4977
21.4044
21.3574
21.3192
21.2669
21.2266
21.2372
21.201
21.1568
21.131
21.0776
20.9997
20.9786
20.9624
20.9433
20.9362
20.9394
20.9537
20.9838
21.0135
21.0941
21.1013
21.129
21.1791
21.2281
21.2682
21.2992
21.3512
21.397
21.4766
21.5605
21.6347
21.6648
21.7111
21.759
21.7983
21.7867
21.8283
21.8584
21.8678
21.8919
21.931
21.9708
21.9932
21.9941
21.9948
21.9709
21.9499
21.9258
21.8964
21.8216
21.7537
21.7062
21.7002
21.6638
21.618
21.5986
21.5517
21.4984
21.4445
21.3745
21.3159
21.2838
21.2098
21.1719
21.1533
21.0791
21.0272
20.9801
20.9307
20.8697
20.8249
20.7664
20.7252
20.6815
20.6648
20.6239
20.5901
20.5499
20.514
20.4899
20.4636
20.5228
20.4494
20.4046
20.3814
20.3377
20.2967
20.2709
20.2191
20.1746
20.1271
20.0753
20.0566
20.026
19.9602
19.9561
19.916
19.8761
19.8565
19.8436
19.8205
19.8053
19.7868
19.7733
19.7526
19.7663
19.7789
19.7818
19.8544
19.8976
19.9136
19.8442
19.8419
19.8572
19.8656
19.8625
19.8631
19.8665
19.8755
19.8802
19.901
19.9196
19.9188
19.9048
19.9075
19.8991
19.8972
19.899
19.8873
19.8798
19.8789
19.8659
19.8541
19.8685
19.871
19.8681
19.8862
19.9022
19.8427
19.8231
19.8444
19.8409
19.8499
19.8493
19.8404
19.8453
19.8487
19.8496
19.8505
19.8505
19.8469
19.8698
19.8876
19.904
19.9067
19.9185
19.933
19.9733
20.0074
20.0582
20.0509
20.0544
20.0983
20.1203
20.1372
20.1628
20.167
20.1902
20.2133
20.2281
20.2274
20.2356
20.2526
20.2648
20.282
20.2958
20.3116
20.3247
20.3367
20.3545
20.3608
20.3452
20.3458
20.3527
20.3687
20.3836
20.3954
20.3748
20.3598
20.3266
20.3411
20.3533
20.3263
20.3109
20.2965
20.2776
20.2543
20.2182
20.1897
20.1576
20.1511
20.1412
20.14
20.1299
20.1102
20.0903
20.0688
20.0509
20.0309
20.0089
19.9835
19.9613
19.9398
19.9136
19.8896
19.863
19.8495
19.826
19.8031
19.7905
19.814
19.8063
19.7972
19.8047
19.8172
19.8247
19.8327
19.8567
19.8707
19.8716
19.8517
19.8408
19.8147
19.813
19.8227
19.8192
19.8342
19.8468
19.8629
19.8844
19.8913
19.9072
19.9256
19.9523
19.969
19.9859
19.9785
19.9855
19.9903
19.9871
19.9481
19.9463
19.9516
19.9249
19.8974
19.8713
19.8492
19.8159
19.7986
19.7867
19.7906
19.8
19.8532
19.8396
