32.2512
28.3261
27.0154
26.058
25.495
25.0926
24.6247
24.3108
24.0958
24.1533
23.9125
23.7095
23.5099
23.3598
23.2677
23.158
23.0517
22.9744
22.9979
23.0214
22.9702
22.8886
22.8193
22.7573
22.7007
22.6678
22.7107
22.7375
22.7444
22.9547
22.6007
22.5021
22.4
22.3783
22.3651
22.3127
22.3356
22.3542
22.3617
22.2861
22.3299
22.3708
22.4232
22.4247
22.4041
22.3934
22.6035
22.5942
22.6499
22.6171
22.6077
22.6138
22.6785
22.7206
22.7304
22.7489
22.7001
22.6612
22.6008
22.3769
22.3657
22.414
22.4088
22.3641
22.3752
22.3624
22.3757
22.3757
22.3225
22.3436
22.2914
22.3035
22.2525
22.305
22.3587
22.4033
22.2261
22.2547
22.1595
22.1255
22.111
22.1111
22.0533
22.011
21.9997
21.9647
21.9837
21.9977
22.0399
22.037
22.0365
21.9846
21.9735
21.9676
21.8961
21.8981
21.8389
21.783
21.849
21.8404
21.8811
21.8669
21.8683
21.8623
21.8387
21.8216
21.782
21.7981
21.7925
21.8201
21.8585
21.8936
21.8763
21.9438
21.9726
22.011
22.0015
21.9588
21.9268
21.9905
22.0355
22.0763
22.1307
22.1778
22.2228
22.2677
22.2752
22.3326
22.3141
22.3093
22.3086
22.2957
22.2982
22.2461
22.2897
22.3011
22.3142
22.2666
22.236
22.1999
22.159
22.1154
22.1251
22.0504
22.012
21.9661
21.9411
21.9326
21.9208
21.9007
21.9017
21.8966
21.8526
21.8664
21.8262
21.7751
21.7594
21.6999
21.6527
21.602
21.5724
21.5407
21.5489
21.5498
21.5008
21.4665
21.4585
21.4705
21.473
21.5735
21.5798
21.6106
21.6091
21.6339
21.6913
21.6938
21.6746
21.6751
21.6779
21.6029
21.5556
21.5133
21.5723
21.5564
21.5861
21.6303
21.6381
21.6845
21.6867
21.6863
21.8431
21.894
21.8848
21.9447
21.9849
22.0313
22.0686
22.0497
22.1228
22.0671
22.1144
22.153
22.2023
22.2002
22.2561
22.3037
22.3054
22.372
22.4355
22.4882
22.5323
22.5852
22.5695
22.5427
22.6021
22.5731
22.6503
22.6624
22.7466
22.7458
22.5966
22.5437
22.5442
22.4793
22.4131
22.3607
22.316
22.3231
22.2491
22.2073
22.1539
22.0885
22.0354
22.0181
21.907
21.8619
21.8589
21.7967
21.7346
21.6954
21.7145
21.6862
21.7108
21.7098
21.6245
21.6225
21.5528
21.5128
21.4346
21.4451
21.5772
21.6333
21.681
21.7305
21.7734
21.8228
21.8703
21.8669
21.9206
21.9646
22.0138
22.1952
22.2375
22.2524
22.3285
22.341
22.3455
22.3509
22.3584
22.3512
22.3176
22.3133
22.2979
22.3026
22.3666
22.41
22.4525
22.4914
22.5338
22.5711
22.4251
22.4445
22.3919
22.3531
22.3578
22.3567
22.3228
22.3283
22.3427
22.3431
22.3483
22.178
22.2004
22.2358
22.2102
22.2404
22.2781
22.3058
22.3486
22.3667
22.3483
22.395
22.3557
22.3599
22.3197
22.2824
22.2476
22.2767
22.2419
22.2665
22.332
22.3148
22.3379
22.4532
22.4978
22.5001
22.6053
22.6075
22.5994
22.5631
22.5157
22.5717
22.5369
22.5779
22.6037
22.6297
22.6619
22.6934
22.7198
22.7669
22.7958
22.7613
22.7711
22.77
22.7678
22.7792
22.7848
22.732
22.7488
22.725
22.7567
22.7897
22.8558
22.8053
22.7296
22.7143
22.6275
22.7121
22.6897
22.8354
22.8881
22.8694
22.8893
22.8398
22.8107
22.7902
22.7255
22.7619
22.7977
22.813
22.8605
22.9238
22.9888
23.0265
23.1241
23.186
23.2474
23.3035
23.3528
23.3788
23.351
23.3565
23.3489
23.3205
23.3836
23.397
23.4414
23.377
23.4256
23.3461
23.3284
23.3774
23.358
23.3761
23.3976
23.4157
23.4646
23.4362
23.3997
23.3837
23.3631
23.3051
23.2982
23.2645
23.1573
23.0947
23.0374
22.9732
22.9196
22.8684
22.8177
22.7471
22.7242
22.7623
22.7779
22.7911
22.7492
22.7954
22.7857
22.7808
22.8142
22.7995
22.8654
22.8653
22.8741
22.865
22.8804
22.8334
22.7943
22.8129
22.8275
22.8228
22.8244
22.8812
22.9414
22.9569
22.9676
23.0386
23.0517
23.0653
23.0691
23.0756
23.0597
23.0186
23.0516
23.0283
23.1042
23.1203
23.0857
23.0462
23.0461
22.9905
22.9254
22.8972
22.8546
22.8212
22.768
22.7703
22.7572
22.6856
22.6898
22.6859
22.6304
22.6256
22.5764
22.5678
22.5673
22.5053
22.4969
22.4904
22.4879
22.4915
22.5354
22.5813
22.4761
22.4614
22.3812
22.3214
22.3134
22.3174
22.3131
22.3092
22.3182
22.4161
22.4508
22.4677
22.5499
22.5877
22.6425
22.6648
22.6713
22.6922
22.7591
22.787
22.8111
22.8919
22.892
22.8961
22.9046
22.9159
22.932
22.931
22.9712
22.9658
22.9757
22.9991
23.0183
23.027
23.0359
23.0434
23.0724
23.1275
23.1743
23.1399
23.144
23.1655
23.1278
23.1645
23.2195
23.3228
23.3151
23.4003
23.4779
23.5437
23.5774
23.547
23.5967
23.8546
23.9184
23.9749
24.0035
24.0471
24.0059
23.9951
24.0978
24.1538
24.2156
24.2951
24.3381
24.4099
24.383
24.4349
24.4278
24.4034
24.4444
24.4511
24.4915
24.488
24.4657
24.3866
24.3588
24.3011
24.3067
24.1961
24.1851
24.197
24.2193
24.0213
24.0169
24.0028
23.9723
23.9836
23.9905
23.9889
23.8938
23.8231
23.8153
23.7542
23.6832
23.5761
23.5847
23.4778
23.4653
23.463
23.3697
23.3622
23.2642
23.1801
23.1441
23.0963
23.1141
23.0621
22.9009
22.9059
22.8409
22.8162
22.7205
22.6901
22.6375
22.601
22.6051
22.5247
22.4924
22.4359
22.4467
22.4245
22.3749
22.3716
22.4088
22.4436
22.3754
22.3561
22.3573
22.2822
22.3245
22.3073
22.3621
22.4205
22.3607
22.4196
22.348
22.3235
22.3699
22.4204
22.4279
22.4532
22.4613
22.4883
22.5224
22.5718
22.5964
22.6787
22.7083
22.7555
22.744
22.7832
22.831
22.8784
22.9198
22.9435
23.0431
23.126
23.1462
23.2481
23.2337
23.2225
23.2038
23.1617
23.1862
23.1448
23.1793
23.2149
23.1966
23.1179
23.1381
23.0782
23.2814
23.2504
23.2606
23.1894
23.2568
23.2182
23.2059
23.2023
23.1898
23.1531
23.1016
23.0432
22.9777
22.8917
22.7634
22.6583
22.5583
22.5296
22.4659
22.4236
22.5013
22.5018
22.4524
22.4037
22.4286
22.4306
22.3811
22.3891
22.3845
22.375
22.2262
22.1631
22.1151
22.089
21.9421
21.8734
21.7884
21.7809
21.8135
21.8356
21.8311
21.819
21.8293
21.8815
21.9586
22.0027
22.0443
22.0047
22.0154
22.0104
21.8704
21.8288
21.8373
21.9144
21.8701
21.8891
21.9236
21.9326
21.9371
21.9047
21.8792
21.8802
21.8332
21.831
21.9022
21.9572
22.0059
21.9981
21.9377
21.9658
21.9611
21.9283
21.8961
21.9357
21.9157
21.932
21.9107
21.8882
21.8928
21.9051
21.9359
21.9484
21.9559
21.8973
21.8837
21.832
21.8109
21.7616
21.8255
21.9004
21.907
21.976
22.0809
22.0997
22.0464
22.0104
22.0338
21.9984
22.0103
21.9612
21.9412
22.0068
22.0126
21.9446
22.0059
21.9833
22.0013
22.0214
22.0521
22.0757
22.0843
22.0974
22.158
22.1634
22.1703
22.1802
22.1788
22.1922
22.1125
22.0605
22.0214
21.9689
21.9188
21.9215
21.9312
21.9442
21.8993
21.9021
21.9048
21.9009
21.8985
21.9114
21.9197
21.9255
21.8409
21.8375
21.8344
21.8304
21.8695
21.8612
21.9858
21.9953
21.9423
21.9559
21.9565
21.9679
22.0063
22.0203
22.0504
22.1544
22.3125
22.3271
22.3114
22.3224
22.3272
22.5265
22.5382
22.5541
22.5638
22.6525
22.6615
22.6059
22.6056
22.6208
22.6333
22.6367
22.6341
22.6315
22.582
22.5725
22.4459
22.4381
22.4378
22.4284
22.4235
22.4082
22.3695
22.3856
22.3608
22.3333
22.3514
22.3565
22.3372
22.3285
22.3373
22.1211
22.0901
22.0649
22.0356
21.9341
21.9205
21.9103
21.9035
21.8922
21.9293
22.0683
22.079
22.0797
22.0723
22.076
22.0638
22.0608
22.0664
22.0704
22.0829
22.0876
22.149
22.1225
22.1782
22.1316
21.9871
21.9658
21.9781
22.0665
22.0629
22.0902
22.1107
22.1356
22.1624
22.1741
22.168
22.2638
22.2686
22.2735
22.2334
22.154
22.1452
22.1664
22.2172
22.2393
22.3255
22.3287
22.3229
22.3754
22.4225
22.4339
22.3903
22.3987
22.346
22.3223
22.2996
22.3213
22.3259
22.2486
22.3111
22.3504
22.3877
22.4296
22.4614
22.5894
22.6437
22.6165
22.6707
22.7208
22.7631
22.7261
22.732
22.7075
22.6432
22.6329
22.6141
22.6131
22.67
22.6252
22.656
22.6514
22.652
22.657
22.6997
22.7477
22.7853
22.8163
22.8569
22.844
22.827
22.8229
22.8303
22.781
22.8006
22.7421
22.7855
22.7759
22.7732
22.7376
22.7547
22.7796
22.8266
22.8493
22.8957
22.9614
22.9674
22.9859
22.9944
23.0474
23.0337
23.0558
23.1303
23.1486
23.1254
23.1503
23.1995
23.2401
23.2984
23.3441
23.3289
23.5795
23.5609
23.6516
23.6786
23.6912
23.6798
23.705
23.7242
23.758
23.7837
23.8222
23.8537
23.9351
23.9972
24.0264
24.0272
24.0429
24.0974
24.1502
24.2168
24.3185
24.3771
24.4891
24.6194
24.7234
24.7922
24.8758
24.9201
25.0658
25.2032
25.0861
25.2442
25.3343
25.4347
25.526
25.6111
25.6969
25.8043
25.9143
25.9762
25.9914
26.0497
26.0846
26.1011
26.1036
26.1344
26.1806
26.1525
26.1294
26.0552
26.0368
25.977
25.9292
25.857
25.7785
25.6856
25.6399
25.5818
25.4914
25.4031
25.3291
25.2538
25.1896
25.1652
25.1396
25.0662
25.0083
24.9357
24.9015
24.8328
24.8161
24.7565
24.7363
24.7644
24.8264
24.8677
24.9465
24.9804
25.0048
25.0854
25.1042
25.1675
25.1942
25.3107
25.3786
25.4668
25.5325
25.6159
25.7007
25.7799
25.9993
26.0778
26.3112
26.3135
26.3457
26.4452
26.4985
26.5508
26.5697
26.6171
26.6415
26.6637
26.6411
26.608
26.5311
26.4686
26.3607
26.2937
26.2159
26.1335
26.0643
25.9758
26.1201
25.9627
25.8497
25.7403
25.6068
25.4734
25.4008
25.3361
25.1161
25.0209
24.7986
24.7231
24.6146
24.5258
24.464
24.3663
24.2773
24.1897
24.2191
24.1741
24.1367
24.1013
24.0826
24.0685
24.0401
24.0146
24.0588
24.0593
24.0625
24.0116
23.788
23.8735
23.8591
23.8325
23.7911
23.7633
23.6736
23.5927
23.513
23.4373
23.3312
23.2538
23.2204
23.1476
23.0716
23.0409
23.0066
22.987
22.8631
22.8687
22.8356
22.7964
22.7526
22.7158
22.7192
22.7172
22.6646
22.6414
22.6091
22.7054
22.6935
22.6836
22.7082
22.7627
22.8453
22.8695
22.9299
22.9759
23.0286
23.087
23.0826
23.1629
23.1623
23.23
23.2743
23.2733
23.2971
23.3539
23.4101
23.4295
23.4737
23.5183
23.5517
23.5548
23.5942
23.6133
23.6587
23.7048
23.7505
23.7198
23.7423
23.6986
23.6999
23.6553
23.5942
23.5848
23.5812
23.5428
23.5543
23.5134
23.5744
23.5625
23.6003
23.5825
23.5895
23.6369
23.6539
23.6139
23.5739
23.521
23.4833
23.4455
23.4243
23.4239
23.3917
23.3922
23.3554
23.3162
23.286
23.2536
23.2388
23.2017
23.1724
23.1741
23.3254
23.4078
23.3769
23.3896
23.3541
23.3719
23.3447
23.3296
23.302
23.2732
23.2421
23.2083
23.1959
23.2038
23.2075
23.2126
23.2253
23.2313
23.2294
23.2416
23.2428
23.2344
23.2212
23.223
23.2112
23.2222
23.2102
23.1917
23.1796
23.1713
23.0022
22.9098
22.9394
22.9154
22.877
22.837
22.816
22.7727
22.7544
23.0437
23.0427
23.0381
23.0671
23.042
23.0252
23.115
23.0922
23.0752
23.0855
23.1097
23.1287
23.1451
23.1339
23.1519
23.1726
23.1782
23.2112
23.2063
23.2
23.2561
23.3095
23.3539
23.3025
23.3472
23.4517
23.4787
23.482
23.4691
23.4562
23.1344
23.1628
23.181
23.1054
23.1987
23.1842
23.0551
23.0334
23.0175
22.9726
22.9083
22.85
22.7943
22.784
