636.029
455.185
388.117
351.301
329.202
314.511
303.919
296.018
289.793
284.951
280.877
277.486
274.66
272.299
270.206
268.385
266.817
265.343
264.011
262.911
261.898
260.918
260.048
259.244
258.507
257.812
257.188
256.587
256.164
255.654
242.461
241.324
240.874
240.859
240.842
240.817
240.829
240.845
240.891
240.902
240.929
240.997
241.031
241.049
241.064
241.057
241.028
241.065
241.088
241.054
241.037
241.05
241.061
241.076
241.086
241.101
241.103
241.136
241.018
241.016
241.032
241.047
241.05
241.064
241.077
241.114
241.124
241.105
241.072
241.044
241.066
241.06
241.065
241.014
240.986
240.986
240.994
240.983
241.03
241.016
240.984
240.978
240.985
240.966
240.961
240.962
240.966
240.942
240.931
240.924
240.915
240.926
240.931
240.971
240.968
240.952
240.967
240.998
241.002
241.023
241.056
241.045
241.019
241.025
241.031
241.014
241.006
240.991
240.934
240.932
240.986
241.026
241.031
241.029
241.058
241.063
241.068
241.122
241.119
241.111
241.118
241.123
241.127
241.076
241.064
241.096
241.058
241.054
241.067
241.088
241.011
240.962
240.953
240.952
240.939
240.988
240.985
241.027
241.064
241.106
241.106
241.125
241.092
241.087
241.057
241.046
241.003
240.965
240.982
241.011
241.038
241.033
241.099
241.1
241.138
241.108
241.117
241.086
241.081
241.029
241.061
241.076
241.105
241.136
241.183
241.152
241.152
241.109
241.087
241.058
241.03
240.997
240.993
240.994
240.99
240.994
241.028
241.022
241.039
241.041
241.02
241.02
240.953
240.97
240.968
240.955
240.96
241.115
241.115
241.121
241.109
241.132
241.097
241.063
241.032
241.024
241.008
241
240.988
241.002
241.009
241.013
241.018
241.046
241.051
241.048
241.048
241.055
241.023
241.019
241.012
241
241.016
241.045
241.032
241.047
241.065
240.914
240.935
240.937
240.925
240.898
240.909
240.988
241.014
241.087
241.1
241.148
241.165
241.145
241.158
241.137
241.173
241.148
241.163
241.157
241.189
241.173
241.22
241.214
241.225
241.249
241.235
241.189
241.217
241.237
241.255
241.249
241.232
241.264
241.256
241.301
241.292
241.245
241.21
241.148
241.168
241.153
241.129
241.152
241.112
241.133
241.132
241.163
241.183
241.189
241.175
241.172
241.158
241.177
241.203
241.195
241.25
241.241
241.199
241.213
241.189
241.224
241.2
241.169
241.22
241.186
241.199
241.201
241.232
241.219
241.197
241.193
241.293
241.271
241.266
241.246
241.262
241.231
241.181
241.205
241.198
241.244
241.218
241.221
241.197
241.173
241.126
241.183
241.187
241.132
241.124
241.129
241.137
241.172
241.13
241.143
241.127
241.083
241.057
241.055
241.077
241.066
240.964
240.942
240.97
240.973
240.92
240.993
240.999
240.971
240.943
240.904
240.91
240.864
240.836
240.826
240.808
240.803
240.84
240.855
240.859
240.849
240.858
240.809
240.846
240.838
240.874
240.877
240.898
240.887
240.856
240.851
240.868
240.926
240.958
240.947
240.953
240.915
240.936
240.98
241.01
241.037
241.082
241.086
241.149
241.162
241.205
241.16
241.165
241.149
241.133
241.09
241.083
241.086
241.094
241.071
241.036
241.03
241.009
241.026
241.044
241.032
241.057
241.008
240.959
240.956
240.999
240.973
240.965
240.934
240.894
240.881
240.865
240.861
240.842
240.835
240.825
240.88
240.828
240.86
240.898
240.96
240.993
241.011
240.99
241.01
241.006
241.016
241.008
241.004
240.977
240.991
240.965
240.973
240.966
240.973
240.927
240.931
240.951
240.937
240.981
241.007
241.007
241.058
241.077
241.094
241.058
241.036
241.055
241.008
240.972
240.96
240.953
240.935
240.924
240.917
240.935
240.933
240.93
240.922
240.942
240.924
240.937
240.921
240.912
240.933
240.929
240.916
240.903
240.89
240.869
240.82
240.851
240.807
240.783
240.767
240.8
240.78
240.764
240.804
240.908
240.873
240.844
240.852
240.878
240.869
240.879
240.93
240.946
240.99
241.038
241.064
241.063
241.085
241.101
241.073
241.089
241.086
241.05
241.11
241.093
241.111
241.044
241.086
241.105
241.143
241.115
241.156
241.169
241.206
241.079
241.078
241.088
241.094
241.052
241.077
241.076
241.029
241.063
241.077
241.024
241.02
241.051
241.042
241.043
241.045
241.077
241.083
241.16
241.125
241.136
241.129
241.143
241.098
241.047
241.026
241.025
240.986
240.986
240.969
241.044
241.06
241.095
241.108
241.139
241.128
241.128
241.145
241.113
241.078
241.121
241.123
241.101
241.114
241.128
241.144
241.125
241.148
241.103
241.113
241.165
241.211
241.259
241.338
241.473
241.602
241.629
241.654
241.69
241.681
241.664
241.692
241.706
241.756
241.822
241.887
241.943
242.067
242.169
242.256
242.295
242.347
242.429
242.608
242.702
242.742
242.789
242.816
242.854
242.864
242.843
242.821
242.794
242.744
242.663
242.576
242.591
242.693
242.758
242.777
242.772
242.745
242.716
242.651
242.582
242.536
242.478
242.359
242.288
242.226
242.175
242.141
242.061
241.903
241.833
241.834
241.798
241.805
241.823
241.864
241.921
241.979
242.014
242.026
241.985
241.946
241.91
241.786
241.683
241.629
241.607
241.606
241.6
241.611
241.608
241.604
241.603
241.59
241.573
241.561
241.574
241.573
241.573
241.571
241.568
241.547
241.557
241.534
241.531
241.514
241.494
241.547
241.601
241.61
241.619
241.611
241.631
241.648
241.668
241.702
241.739
241.767
241.781
241.785
241.786
241.782
241.785
241.779
241.791
241.81
241.825
241.918
241.994
242.02
242.007
241.991
241.953
241.962
241.894
241.835
241.781
241.691
241.586
241.561
241.552
241.565
241.543
241.514
241.479
241.463
241.459
241.422
241.444
241.426
241.416
241.397
241.41
241.404
241.388
241.354
241.294
241.217
241.139
241.072
241.053
241.053
241.041
240.993
241.001
241.15
241.127
241.058
241.042
241.057
241.047
241.03
241.034
241.024
241.033
241.012
240.993
241.02
241.029
241.025
241.004
241.001
241.017
241.031
241
241.015
241.055
241.002
241.017
241.089
241.091
241.084
241.09
241.099
241.112
240.967
240.976
240.999
240.995
240.964
240.975
241.009
241.059
241.092
241.093
241.101
241.073
241.116
241.046
241.057
241.07
241.111
241.065
241.049
241.099
241.083
241.078
241.086
241.093
241.033
241.054
241.095
241.161
241.158
241.171
241.16
241.155
241.183
241.216
241.254
241.289
241.26
241.253
241.226
241.232
241.24
241.243
241.175
241.179
241.18
241.168
241.123
241.129
241.124
241.083
241.05
241.004
240.98
240.921
240.954
240.939
240.892
240.836
240.874
240.889
240.909
240.914
240.875
240.849
240.811
240.772
240.765
240.718
240.731
240.737
240.734
240.772
240.807
240.816
240.792
240.799
240.819
240.847
240.862
240.863
240.902
240.904
240.93
240.982
240.988
240.976
240.968
240.955
240.91
240.894
240.929
240.927
240.982
240.981
241.014
241.016
241.056
241.044
241.024
241.006
241.008
240.957
240.913
240.922
240.949
240.95
240.986
240.957
240.985
241.018
241.044
241.091
241.093
241.062
241.021
241.073
241.089
241.11
241.121
241.151
241.099
241.138
241.081
241.075
241.053
241.061
241.029
241.065
241.074
241.089
241.073
241.108
241.11
241.082
241.054
241.048
240.99
241.023
240.992
241.009
240.962
240.939
240.957
240.948
240.948
240.936
240.937
240.914
240.942
240.869
240.882
240.879
240.951
240.953
240.949
240.969
240.974
240.928
240.927
240.919
240.977
240.965
240.988
240.999
241.022
241.055
241.076
241.04
241.027
241.025
241.075
241.071
241.098
241.138
241.163
241.136
241.127
241.158
241.138
241.158
241.17
241.131
241.096
241.124
241.147
241.107
241.111
241.168
241.167
241.206
241.166
241.16
241.136
241.173
241.188
241.164
241.155
241.192
241.261
241.224
241.212
241.211
241.202
241.198
241.184
241.188
241.179
241.192
241.245
241.281
241.323
241.332
241.319
241.296
241.255
241.273
241.249
241.195
241.252
241.228
241.208
241.255
241.274
241.243
241.254
241.301
241.298
241.283
241.257
241.264
241.239
241.281
241.292
241.281
241.268
241.253
241.258
241.249
241.191
241.158
241.109
241.111
241.147
241.187
241.2
241.217
241.261
241.29
241.294
241.311
241.344
241.315
241.316
241.378
241.363
241.349
241.385
241.43
241.445
241.484
241.534
241.607
241.653
241.696
241.766
241.828
241.901
241.948
242.034
242.143
242.163
242.207
242.216
242.213
242.229
242.228
242.22
242.267
242.271
242.288
242.328
242.386
242.481
242.555
242.615
242.635
242.63
242.583
242.573
242.535
242.52
242.405
242.331
242.286
242.228
242.199
242.138
242.074
241.997
241.925
241.953
241.935
241.888
241.898
241.921
242.001
242.099
242.055
242.035
242.016
241.996
241.944
241.88
241.786
241.74
241.736
241.779
241.832
241.91
242.034
242.051
242.118
242.185
242.302
242.409
242.59
242.686
242.767
242.849
242.946
243.027
243.106
243.136
243.114
243.084
243.066
243.012
243.163
243.22
243.228
243.194
243.18
243.139
243.094
243.066
243.004
242.925
242.839
242.707
242.559
242.582
242.504
242.454
242.362
242.258
242.087
241.979
241.911
241.834
241.756
241.605
241.493
241.473
241.471
241.476
241.397
241.33
241.182
241.128
241.126
241.134
241.128
241.12
241.181
241.169
241.205
241.227
241.235
241.255
241.308
241.234
241.248
241.196
241.164
241.197
241.169
241.177
241.169
241.152
241.1
241.117
241.157
241.174
241.151
241.135
241.127
241.135
241.141
241.115
241.085
241.078
241.091
241.103
241.045
241.056
241.023
241.01
241.051
241.128
241.073
241.087
241.087
241.115
241.097
241.057
241.04
241.078
241.055
241.074
241.109
241.127
241.105
241.077
241.079
241.127
241.126
241.127
241.143
241.166
241.149
241.123
241.102
241.104
241.132
241.126
241.138
241.152
241.148
241.078
241.097
241.152
241.147
241.13
241.191
241.215
241.224
241.184
241.194
241.171
241.135
241.123
241.129
241.127
241.132
241.107
241.141
241.154
241.153
241.164
241.165
241.175
241.185
241.226
241.209
241.225
241.266
241.265
241.228
241.211
241.214
241.149
241.146
241.126
241.05
241.026
241.023
241.026
241.016
241.01
241.009
241.048
241.04
241.049
241.062
241.045
241.019
241.02
241.002
240.977
241.005
241.032
241.032
241.024
241.001
240.994
240.948
240.951
240.953
240.969
241.005
241.013
241.015
241.045
241.093
241.088
241.124
241.154
241.195
241.197
241.195
241.172
241.171
241.153
241.177
241.176
241.17
241.176
241.168
241.142
241.167
241.185
241.229
241.209
241.214
241.26
241.273
241.271
241.281
241.281
241.28
241.279
241.275
241.294
241.332
241.347
241.363
241.386
241.358
241.373
241.382
241.372
241.401
241.447
241.419
241.451
