497.792
286.802
213.287
173.141
148.258
131.723
119.958
111.086
104.157
98.6178
94.0895
90.3104
87.1337
84.4309
82.0542
79.9724
78.1317
76.3385
74.7428
73.3263
72.0453
70.9222
69.8889
69.0349
68.2215
67.4425
66.7198
66.0325
65.3867
64.7737
49.7672
48.8187
48.1817
47.9746
47.9211
47.8335
47.7443
47.7002
47.6333
47.5895
47.5611
47.5068
47.4479
47.3827
47.3401
47.3135
47.2686
47.3015
47.3719
47.38
47.3964
47.4065
47.387
47.2989
47.2662
47.2409
47.2163
47.2014
47.1974
47.2055
47.1904
47.1736
47.2699
47.3912
47.5138
47.6393
47.7369
47.792
47.8886
47.9631
48.0365
48.1202
48.208
48.2803
48.3781
48.4373
48.5371
48.6448
48.693
48.7958
48.877
48.9303
49.0255
49.1356
49.2045
49.3213
49.4063
49.5164
49.6067
49.6964
49.7911
49.9215
49.9273
49.9385
49.9063
49.8887
49.8798
49.8881
49.9064
49.9069
49.8902
49.882
49.8892
49.9649
50.029
50.183
50.319
50.4913
50.6396
50.7995
50.9513
51.105
51.2444
51.384
51.5599
51.6979
51.8792
52.0846
52.2088
52.3748
52.5225
52.6416
52.7787
52.9744
53.1314
53.2998
53.4514
53.5921
53.7377
53.8865
54.0336
54.2035
54.3338
54.3916
54.4836
54.4876
54.5081
54.5226
54.5449
54.5335
54.5237
54.5715
54.6059
54.629
54.6282
54.6237
54.5841
54.5116
54.5558
54.5275
54.5063
54.5233
54.5805
54.498
54.4839
54.494
54.5255
54.5359
54.554
54.5843
54.6767
54.6566
54.6984
54.7243
54.7109
54.6715
54.6478
54.6053
54.5992
54.5772
54.6062
54.5831
54.5625
54.5273
54.4951
54.4522
54.4509
54.4266
54.3786
54.401
54.4159
54.3987
54.3714
54.3696
54.4218
54.4164
54.3911
54.4124
54.3871
54.3266
54.2343
54.2672
54.2428
54.2499
54.2219
54.2423
54.2409
54.2056
54.1887
54.2094
54.2121
54.17
54.1696
54.193
54.1976
54.2252
54.2616
54.2845
54.2985
54.2909
54.2995
54.2924
54.2667
54.2982
54.2525
54.2542
54.2615
54.2645
54.2661
54.3321
54.3211
54.3251
54.3417
54.3171
54.3241
54.3891
54.453
54.5251
54.5728
54.5926
54.5899
54.6291
54.6382
54.6266
54.6352
54.7164
54.6945
54.7102
54.7436
54.8061
54.8093
54.7959
54.8042
54.8082
54.8302
54.7941
54.7954
54.7818
54.789
54.7499
54.7664
54.7393
54.7103
54.7347
54.7406
54.6854
54.6282
54.5861
54.5726
54.5891
54.6293
54.6163
54.626
54.6308
54.649
54.6033
54.6071
54.5966
54.6227
54.5417
54.5836
54.6254
54.6345
54.6103
54.5941
54.6716
54.691
54.7235
54.7263
54.78
54.8168
54.8226
54.8608
54.8601
54.8432
54.878
54.8623
54.9022
54.9003
54.8852
54.9347
54.9953
54.9791
54.9668
54.9411
54.8966
54.8704
54.8943
54.8511
54.8553
54.8076
54.7642
54.7427
54.7327
54.775
54.688
54.6706
54.6476
54.6413
54.568
54.5677
54.5678
54.5452
54.5503
54.5858
54.5544
54.5884
54.5638
54.5375
54.5181
54.4406
54.4708
54.4952
54.531
54.5558
54.5713
54.6022
54.6189
54.6196
54.6543
54.6473
54.7297
54.7315
54.7781
54.7912
54.8318
54.8544
54.911
54.9195
54.9627
54.946
54.9781
54.9788
54.9735
55.0018
55.0258
55.0414
55.0439
55.0478
55.0468
55.0507
55.0064
55.0324
55.0127
55.0073
55.0414
55.0642
55.0507
55.0444
55.0351
55.1051
55.0931
55.0876
55.1145
55.0671
55.1054
55.1518
55.1511
55.1957
55.2272
55.2645
55.301
55.3121
55.317
55.2863
55.3616
55.3558
55.3576
55.4398
55.4884
55.5023
55.485
55.4951
55.529
55.5087
55.5053
55.5071
55.5193
55.5463
55.5363
55.4855
55.4514
55.4918
55.4646
55.4939
55.4759
55.4355
55.3952
55.3473
55.3079
55.2715
55.2375
55.264
55.2844
55.2869
55.1979
55.1709
55.1747
55.0867
55.0705
55.0507
55.0537
55.0035
54.9854
55.0008
55.0093
55.0007
54.9873
54.9909
55.0381
55.0439
55.0548
55.0641
55.1283
55.1219
55.1209
55.1095
55.1005
55.1553
55.1801
55.2069
55.2309
55.2445
55.2746
55.2913
55.324
55.3363
55.3471
55.3791
55.3692
55.3714
55.3737
55.4062
55.3906
55.4053
55.3795
55.3607
55.3295
55.3066
55.2702
55.2463
55.2446
55.221
55.1635
55.1512
55.1537
55.1535
55.1981
55.1574
55.1715
55.145
55.1092
55.0647
54.9992
55.0023
55.0014
55.0105
54.9678
54.9581
54.9749
54.9863
54.9719
54.9554
54.9654
54.9726
54.9712
54.9948
55.034
55.0537
55.0619
55.0925
55.1066
55.1006
55.0908
55.0937
55.0639
55.0795
55.0375
55.0303
55.0308
55.0379
55.0381
55.1131
55.1452
55.1336
55.1078
55.1116
55.2097
55.2385
55.2498
55.2525
55.28
55.3101
55.3862
55.4338
55.4767
55.574
55.6769
55.7475
55.8115
55.8653
55.9144
55.971
56.0193
56.0601
56.1518
56.1902
56.2361
56.2954
56.3483
56.4136
56.463
56.4918
56.5674
56.6507
56.7406
56.7658
56.7411
56.7743
56.8919
56.9341
56.98
57.0319
57.0356
57.0434
57.0536
56.9875
56.9112
56.8684
56.8638
56.8687
56.8392
56.8263
56.7918
56.7855
56.7221
56.6803
56.68
56.6491
56.5787
56.5347
56.5026
56.4091
56.384
56.3301
56.2725
56.2718
56.2625
56.2371
56.1428
56.141
56.1274
56.1031
56.1232
56.0687
56.0384
56.0035
55.9795
55.9983
55.9326
55.9107
55.8952
55.8433
55.8545
55.8453
55.8667
55.8764
55.8769
55.8871
55.9002
55.8937
56.0538
56.0642
56.0289
56.0207
56.0028
55.9517
55.9438
55.9071
55.8752
55.8471
55.8218
55.7673
55.7084
55.723
55.7151
55.7321
55.7768
55.7163
55.7446
55.75
55.7526
55.7935
55.7712
55.7915
55.8277
55.8373
55.7932
55.7779
55.776
55.779
55.6663
55.6825
55.6798
55.6799
55.6803
55.7018
55.6699
55.7055
55.6951
55.7238
55.7146
55.7691
55.7586
55.7514
55.7422
55.7261
55.6515
55.6726
55.6453
55.6225
55.615
55.5954
55.6009
55.5518
55.5063
55.486
55.4834
55.4567
55.4131
55.386
55.3245
55.3043
55.2673
55.2252
55.2085
55.1685
55.1355
55.0583
55.0488
54.9758
54.9279
54.8582
54.7959
54.7287
54.7066
54.687
54.6761
54.6415
54.6581
54.6375
54.6539
54.658
54.6259
54.6373
54.6437
54.6464
54.6441
54.6258
54.6457
54.6415
54.6002
54.5707
54.6052
54.6601
54.6576
54.6848
54.7131
54.734
54.7418
54.7425
54.8301
54.856
54.9108
54.9312
54.9434
54.931
54.9558
54.947
54.9242
54.8803
54.8299
54.8067
54.8208
54.7926
54.7456
54.7355
54.7196
54.72
54.6979
54.6902
54.708
54.6998
54.6964
54.6466
54.6817
54.6709
54.6743
54.6763
54.6528
54.645
54.572
54.5319
54.5079
54.5658
54.552
54.5903
54.5912
54.6121
54.6065
54.6491
54.666
54.6945
54.6949
54.7016
54.7325
54.7155
54.7342
54.7937
54.8177
54.8667
54.8798
54.9111
54.9201
54.9568
54.9419
54.9715
54.9968
55.0439
55.0851
55.1341
55.1962
55.2385
55.2624
55.2407
55.2821
55.3032
55.3478
55.3896
55.4532
55.4765
55.4955
55.4756
55.483
55.4951
55.5092
55.5264
55.5118
55.4954
55.5455
55.5195
55.5349
55.5254
55.5365
55.5375
55.5758
55.5789
55.6111
55.6079
55.5915
55.5864
55.5647
55.5687
55.5252
55.5297
55.5827
55.5929
55.6085
55.6146
55.5919
55.6515
55.7067
55.7274
55.7427
55.7448
55.8357
55.8617
55.9157
55.9279
55.894
55.928
55.935
55.9676
55.9432
55.9361
55.9168
55.9068
55.8821
55.8596
55.853
55.8262
55.807
55.8697
55.9479
55.9364
55.8841
55.8427
55.7857
55.7537
55.717
55.6201
55.5362
55.5017
55.4734
55.4661
55.3154
55.2646
55.2194
55.1633
55.1483
55.0966
55.0602
54.9885
55.0091
55.0156
54.9682
54.9794
54.9461
54.9422
54.9607
54.9742
54.966
54.906
54.8622
54.8876
54.8648
54.8539
54.8547
54.8456
54.842
54.8514
54.8604
54.8625
54.8422
54.815
54.8052
54.8248
54.8259
54.8473
54.8501
54.8819
54.93
54.9749
54.9794
54.9838
55.0074
54.9763
55.0097
55.0186
55.0138
55.0077
55.0386
54.9893
54.9666
54.9078
54.9034
54.9297
54.9326
54.9362
54.9345
54.9555
54.9709
54.9688
55.0121
55.0315
55.1192
55.1168
55.138
55.2075
55.2372
55.2368
55.2102
55.2451
55.2128
55.1769
55.1537
55.1914
55.1683
55.1654
55.1239
55.151
55.154
55.1692
55.2203
55.2856
55.2942
55.2844
55.2731
55.2784
55.3057
55.2705
55.2159
55.2009
55.1886
55.1842
55.1094
55.0859
55.0496
54.9804
54.9154
54.8591
54.8673
54.8562
54.8567
54.8683
54.868
54.8113
54.8103
54.8564
54.9533
54.9168
54.8699
54.9084
54.8839
54.8153
54.8005
54.8078
54.8315
54.8385
54.8428
54.8937
54.9671
55.0521
55.044
55.0545
55.0962
55.1344
55.1576
55.1733
55.2159
55.2827
55.2614
55.2653
55.2826
55.3678
55.4808
55.5051
55.5695
55.5342
55.4806
55.4925
55.5802
55.5687
55.5652
55.5978
55.6235
55.6132
55.6003
55.5972
55.6443
55.6572
55.6523
55.6337
55.7097
55.7922
55.8775
55.9324
56.0121
56.0795
56.1348
56.1868
56.2651
56.342
56.4356
56.399
56.3881
56.4749
56.4965
56.567
56.6256
56.7064
56.716
56.6132
56.5044
56.4035
56.2961
56.1933
56.0911
56.0119
55.8694
55.7513
55.6569
55.5244
55.3602
55.1632
54.977
54.8131
54.6759
54.4997
54.3588
54.1928
54.0304
53.8261
53.6303
53.4828
53.3057
53.1184
52.9145
52.7367
52.5408
52.3743
52.1846
52.1693
52.1741
52.1712
52.1873
52.2184
52.2233
52.2293
52.2469
52.2565
52.256
52.3109
52.3564
52.4168
52.4522
52.4988
52.5215
52.5805
52.6024
52.6374
52.6833
52.7291
52.7539
52.8055
52.8381
52.902
52.9742
52.9959
53.0293
53.0406
53.0614
53.0938
53.0818
53.0939
53.067
53.0017
52.9732
52.8918
52.8144
52.7381
52.6954
52.6024
52.516
52.4454
52.3523
52.2655
52.1844
52.0683
51.9784
51.9001
51.7824
51.6846
51.5906
51.4979
51.4148
51.3351
51.2617
51.2062
51.1415
51.0767
51.0208
50.9449
50.9555
50.9422
50.9035
50.8842
50.8575
50.8681
50.8913
50.9257
50.886
50.8652
50.8744
50.8554
50.8497
50.8893
50.875
50.9199
50.9097
50.894
50.9432
50.9812
50.9956
51.0022
51.0237
50.9973
51.0263
51.0507
51.0796
51.0974
51.1355
51.1803
51.1474
51.1263
51.1365
51.1278
51.1502
51.1555
51.1056
51.0663
51.049
51.0592
51.0554
51.0536
51.0426
51.0086
51.0128
50.9941
51.0133
50.998
50.9496
50.9107
50.8963
50.8988
50.9152
50.9539
50.9201
50.8611
50.8379
50.8008
50.7863
50.755
50.7366
50.7193
50.7154
50.7212
50.7276
50.7198
50.7408
50.7405
50.7711
50.8199
50.8243
50.8478
50.8605
50.8616
50.8747
50.9558
50.9431
50.9674
51.0087
51.0349
51.0551
51.0232
51.048
51.0377
50.9962
51.0781
51.0935
51.134
51.132
51.1142
51.1399
51.1522
51.1611
51.1932
51.1764
51.1659
51.1645
51.1484
51.1292
51.0625
51.0614
51.0362
51.0349
51.0188
50.9952
50.9004
50.9206
50.9318
50.9015
50.8895
50.8944
50.8971
50.8369
50.8176
50.8505
50.7724
50.7672
50.7367
50.7131
50.7888
50.7745
50.771
50.8051
50.7934
50.7739
50.7905
50.8047
50.8269
50.8276
50.9413
50.9238
50.959
51.0268
51.0311
51.053
51.0517
51.0472
51.0289
51.0726
51.0743
51.1252
51.131
51.123
51.1387
51.1495
51.1416
51.1581
51.1745
51.16
51.0884
51.0985
51.1056
51.0966
51.1048
51.1083
51.0866
51.0916
51.0814
51.104
51.0287
51.0624
51.0436
51.0599
51.0812
51.0775
51.0925
51.0948
51.1218
51.0778
51.0617
50.9943
51.0302
51.0585
51.025
51.0373
51.0398
51.0219
51.0441
51.0429
51.072
51.0334
51.0277
51.0075
51.0208
51.0235
51.1578
51.1491
