17.0273
18.0221
17.1461
15.8595
14.9806
14.461
14.1922
13.8919
13.5914
13.3632
13.1608
13.021
12.8908
12.7786
12.677
12.629
12.5516
12.4886
12.5038
12.4539
12.4028
12.3462
12.2938
12.252
12.2178
12.1891
12.159
12.1258
12.0947
12.0671
11.8831
11.6305
11.5007
11.5001
11.5211
11.5771
11.5447
11.5336
11.5275
11.5247
11.5305
11.5316
11.5723
11.5726
11.56
11.5324
11.5216
11.5261
11.5164
11.5114
11.5133
11.5219
11.5221
11.5229
11.5205
11.5109
11.5972
11.7381
11.8105
11.8053
11.7883
11.7752
11.8798
11.9805
11.9454
11.8716
11.8571
11.8579
11.8705
11.8619
11.8639
11.8527
11.8196
11.8064
11.8256
11.8379
11.9392
11.9355
11.8899
11.888
11.8793
11.8657
11.8578
11.8464
11.8724
11.9936
11.8956
11.7481
11.6673
11.6679
11.6736
11.6711
11.5514
11.4324
11.5348
11.6303
11.6397
11.6197
11.619
11.7334
11.7178
11.7264
11.8201
11.8352
11.8269
11.8153
11.7273
11.715
11.7226
11.7113
11.7195
11.7409
11.8269
11.8359
11.804
11.6815
11.6902
11.6966
11.799
11.807
11.8054
11.8141
11.8582
11.9178
11.8243
11.7197
11.7114
11.7183
11.7447
11.646
11.6455
11.6382
11.531
11.518
11.5125
11.5079
11.5852
11.5954
11.6004
11.6217
11.6101
11.6032
11.6071
11.6098
11.639
11.629
11.6295
11.6998
11.6356
11.6942
11.7505
11.8751
11.8736
11.8125
11.8214
11.8311
11.8632
11.9139
11.8785
11.8632
11.9648
11.9681
11.9833
12.151
12.1658
12.177
12.1011
12.2139
12.2742
12.3443
12.3515
12.4414
12.356
12.4322
12.398
12.4138
12.4114
12.366
12.4069
12.3544
12.3009
12.1809
12.1403
12.2162
12.241
12.2425
12.2076
12.2449
12.2447
12.3532
12.2749
12.2746
12.2661
12.1025
12.0965
12.1144
12.1043
11.9798
11.9049
11.9478
11.9473
11.8619
11.8674
11.7871
11.8004
11.8029
11.8109
11.7875
11.7145
11.7065
11.7127
11.7062
11.795
11.7204
11.6929
11.7069
11.7167
11.6421
11.6472
11.5636
11.5575
11.5835
11.5839
11.5993
11.6052
11.5934
11.6099
11.6233
11.6321
11.5163
11.5187
11.5167
11.5195
11.5224
11.5281
11.531
11.579
11.6182
11.6387
11.6492
11.6581
11.6719
11.6018
11.6197
11.6496
11.6484
11.6537
11.6737
11.7232
11.7161
11.7178
11.7021
11.8235
11.8225
11.8284
11.9299
11.9228
12.0733
12.1838
12.1931
12.2024
12.2991
12.323
12.342
12.4258
12.4426
12.414
12.4007
12.4026
12.4051
12.4154
12.42
12.4201
12.4097
12.3963
12.3904
12.3995
12.3884
12.3689
12.377
12.3881
12.394
12.2873
12.2999
12.312
12.2315
12.2401
12.1156
12.0272
12.043
12.0504
11.9597
11.9452
11.9435
11.8649
11.8594
11.8585
11.8472
11.8479
11.8576
11.8638
11.867
11.8699
11.9995
11.9879
11.9898
11.9889
11.9929
11.9774
11.9762
11.9838
11.9897
11.9923
11.9869
11.989
12.021
12.0335
12.0192
12.0171
12.0079
12.0099
12.0196
12.035
12.0374
12.0486
12.0575
12.0573
12.0662
12.0808
12.0792
12.0756
12.1022
12.1452
12.0529
12.0961
12.1127
12.1289
12.1711
12.1894
12.2373
12.2403
12.2947
12.3065
12.3237
12.3552
12.3239
12.3171
12.4322
12.4478
12.5449
12.5669
12.5829
12.5797
12.5975
12.6411
12.6917
12.6971
12.7021
12.6878
12.686
12.7495
12.8371
12.8003
12.7816
12.8082
12.8236
12.8367
12.8684
12.9279
12.9663
13.034
12.9948
13.0204
13.0398
13.1451
13.2013
13.2394
13.1843
13.2222
13.2373
13.2721
13.2662
13.329
13.4523
13.462
13.4494
13.5624
13.5736
13.5976
13.6381
13.6145
13.5131
13.6044
13.6411
13.5882
13.5999
13.6941
13.6346
13.7289
13.6537
13.5843
13.5732
13.5441
13.5506
13.4155
13.3581
13.4424
13.4202
13.4042
13.3101
13.3276
13.329
13.3872
13.298
13.2509
13.2562
13.1456
13.1704
13.1937
13.2515
13.3174
13.3164
13.2327
13.2308
13.2344
13.2598
13.1845
13.2232
13.0722
13.0838
13.083
13.0792
13.0762
13.0803
13.1207
13.1212
13.0106
12.9783
12.9826
13.0033
13.0077
13.0396
12.9245
12.8766
12.899
12.8452
12.8305
12.7881
12.7759
12.7084
12.599
12.6579
12.6786
12.6445
12.6774
12.6298
12.6008
12.5563
12.5489
12.6789
12.6817
12.6822
12.6851
12.6495
12.6272
12.6407
12.6683
12.6739
12.6442
12.6063
12.532
12.4914
12.5334
12.6415
12.6447
12.6575
12.7494
12.7727
12.7781
12.7986
12.8038
12.795
12.7613
12.7508
12.7984
12.8953
12.9816
13.0049
13.1226
13.1125
13.1261
13.2528
13.3953
13.4242
13.7277
13.8203
13.9755
14.0245
14.2242
14.4863
14.5834
14.6764
14.9765
15.0212
15.0825
15.3993
15.4927
15.5073
15.6257
15.6452
15.8282
15.9551
16.0538
16.1177
16.1159
16.0981
16.1617
16.1934
16.1667
16.1623
16.1823
16.1934
16.2373
16.2875
16.1048
16.0802
16.0205
16.0433
15.8546
15.6727
15.6991
15.7307
15.3993
15.404
15.3883
15.2067
15.1412
15.2601
15.2137
15.289
15.2
15.0777
15.0317
15.0059
14.9584
14.8955
14.7607
14.7268
14.648
14.5363
14.516
14.3944
14.2686
14.2237
14.1239
14.0781
13.9904
13.9606
13.949
14.0559
13.9505
13.8599
13.8783
13.7847
13.731
13.6139
13.483
13.3357
13.218
13.0721
12.9668
12.9126
12.9002
12.8772
12.8497
12.8791
12.857
12.8429
12.8046
12.7944
12.8759
12.8629
12.8152
12.7944
12.7702
12.7353
12.6747
12.637
12.645
12.5089
12.5804
12.5692
12.5552
12.518
12.4995
12.4871
12.5178
12.5363
12.6359
12.6519
12.6515
12.6336
12.6121
12.5991
12.6347
12.6323
12.6525
12.7009
12.6952
12.6955
12.5622
12.6217
12.65
12.6778
12.6703
12.7005
12.7779
12.8817
12.8579
12.8188
12.8245
12.8795
12.8807
12.9472
12.9679
12.9686
12.9789
12.9826
12.8947
12.8682
12.8686
12.9165
12.9672
13.0071
13.0281
13.0244
13.1135
13.0987
13.2121
13.3017
13.3098
13.2232
13.1573
13.0803
13.0725
13.0299
12.9978
12.9598
12.9424
13.0087
12.8895
12.7792
12.7402
12.6747
12.6234
12.577
12.5146
12.4604
12.4277
12.4019
12.3841
12.3084
12.2621
12.1958
12.1026
12.0245
11.887
11.8167
11.708
11.5801
11.5744
11.6015
11.5777
11.6755
11.6338
11.6201
11.5568
11.4617
11.4751
11.363
11.3677
11.3674
11.3512
11.3211
11.4032
11.4061
11.4248
11.431
11.5352
11.5445
11.6534
11.6752
11.6381
11.729
11.7192
11.7213
11.725
11.7199
11.7281
11.7441
11.7426
11.7139
11.7342
11.659
11.6703
11.6801
11.8266
11.8416
11.8444
11.8529
11.9136
11.9277
11.9455
11.9369
11.876
11.907
11.9181
11.9264
11.846
11.8742
11.7838
11.8041
11.8682
11.8189
11.8596
11.8945
11.9105
11.9397
12.0561
12.0665
12.1091
12.1317
12.1552
12.1502
12.1722
12.1835
12.1216
12.1332
12.1583
12.2097
12.1637
12.1834
12.2309
12.3848
12.4141
12.5227
12.5415
12.5584
12.5718
12.606
12.6526
12.6486
12.5962
12.5962
12.6257
12.6222
12.6294
12.6705
12.5808
12.6295
12.6327
12.679
12.6881
12.746
12.7572
12.765
12.7602
12.8077
12.8078
12.7983
12.8646
12.9186
12.9427
12.8537
12.8849
12.8252
12.9216
12.97
13.0733
13.1239
13.1611
13.3325
13.3608
13.365
13.4078
13.5144
13.6118
13.6286
13.6433
13.6196
13.6013
13.6182
13.6619
13.6457
13.6908
13.7086
13.678
13.6206
13.6213
13.6454
13.6267
13.6883
13.7365
13.7407
13.6946
13.6578
13.6001
13.5559
13.5299
13.4439
13.3695
13.2016
13.1871
13.2037
13.1199
12.9999
12.8916
12.826
12.7866
12.759
12.7482
12.6684
12.6
12.5534
12.4859
12.4879
12.4516
12.4308
12.3983
12.3363
12.2669
12.1133
12.0138
11.9599
11.9372
11.9112
11.8446
11.8795
11.7916
11.782
11.8635
11.9499
12.0314
11.9851
11.987
11.986
11.993
11.9897
12.0285
12.0388
12.0541
12.0974
12.1098
12.1188
12.1399
12.1113
12.2408
12.2579
12.3008
12.3144
12.332
12.3602
12.3647
12.3485
12.3381
12.3423
12.391
12.3323
12.3208
12.3525
12.3284
12.263
12.177
12.2732
12.301
12.4261
12.419
12.483
12.4752
12.4672
12.5064
12.6517
12.6345
12.668
12.6606
12.6471
12.5368
12.5316
12.5156
12.6103
12.7098
12.7052
12.6899
12.7926
12.8306
12.8221
12.7826
12.8252
12.8234
12.8349
12.7629
12.796
12.7778
12.7143
12.6864
12.5624
12.6036
12.59
12.6072
12.6129
12.6029
12.5014
12.5041
12.4696
12.4643
12.5168
12.501
12.5022
12.4697
12.3798
12.3411
12.4053
12.3949
12.3641
12.3902
12.416
12.4782
12.5016
12.5282
12.4828
12.4916
12.452
12.5434
12.5401
12.5619
12.5852
12.538
12.4875
12.5264
12.5931
12.6408
12.7077
12.7181
12.7446
12.833
12.8825
12.9421
13.0316
13.0681
13.0915
13.0484
13.0913
13.2104
13.2553
13.2406
13.2558
13.3131
13.2892
13.3224
13.4867
13.6951
13.8457
13.9376
14.0988
14.1435
14.2458
14.3372
14.5041
14.5713
14.7821
14.8513
14.8592
15.0404
15.1174
15.1821
15.2713
15.4092
15.5117
15.6384
15.7426
15.8556
15.9044
15.9105
15.8996
15.9468
15.9756
15.9306
15.9431
15.9764
15.8656
15.7358
15.6502
15.5228
15.3896
15.3601
15.3367
15.299
15.3285
15.225
14.9815
14.9819
14.9714
14.9445
14.9254
14.8567
14.7666
14.6519
14.5298
14.5633
14.5097
14.5303
14.4706
14.4554
14.5512
14.5557
14.6409
14.8469
14.9831
15.3699
15.5471
15.6197
15.6442
15.7586
15.847
15.9394
16.041
16.3138
16.3104
16.4304
16.5149
16.592
16.5653
16.5885
16.6984
16.8106
16.9157
16.9585
16.9962
16.9982
16.9859
16.9939
17.0704
17.1134
17.0916
17.1258
17.1252
16.9521
16.864
16.467
16.3518
16.272
16.2361
16.1956
16.1158
16.0304
15.8354
15.5935
15.4573
15.3946
15.2769
15.1183
15.0529
14.9226
14.7745
14.6558
14.5392
14.4682
14.3692
14.1841
14.207
14.045
13.9444
13.8713
13.7655
13.663
13.6235
13.5354
13.4989
13.4476
13.4005
13.3452
13.2858
13.1862
13.1425
13.1285
13.2842
13.2108
13.2262
13.1249
13.2231
13.1849
13.1703
13.1601
13.1477
13.0919
13.0321
12.9919
13.0172
13.0457
12.9783
13.0049
13.0171
13.0609
13.0168
13.099
13.0699
13.1244
13.1608
13.1577
13.1147
13.1056
13.1018
13.1418
13.1865
13.2235
13.0697
13.0722
13.118
13.1239
13.0799
13.0696
13.0375
13.0073
12.9825
13.0092
12.9903
13.0989
13.1304
13.0968
13.0896
13.1628
13.1416
13.1972
13.2387
13.2062
13.1399
13.08
12.9899
13.0784
13.1648
13.3021
13.368
13.39
13.3315
13.2644
13.2597
13.2587
13.1474
13.1487
13.093
13.0835
13.0903
13.0917
13.1778
13.2131
13.294
13.213
13.2417
13.2669
13.2641
13.1778
13.2255
13.0643
13.0021
13.0055
13.014
13.0282
13.0319
12.933
12.8426
12.7109
12.8198
12.7621
12.828
12.9011
13.0259
13.0997
13.1138
13.12
13.1274
13.1456
13.2225
13.3005
13.297
13.2847
13.2117
13.2066
13.1285
13.159
13.2352
13.277
13.2502
13.3197
13.4323
13.5293
13.5382
13.5262
13.5871
13.6505
13.7126
13.7067
13.5175
13.4965
13.4791
13.4579
13.3398
13.2622
13.2476
13.2423
13.2709
13.287
13.2185
13.1448
13.1022
13.0394
13.1721
13.1972
13.2866
13.2829
13.1974
13.1458
13.0728
13.0036
12.9338
12.8023
12.8073
13.0983
13.0634
13.0306
12.9767
12.9818
13.0274
13.0288
13.0345
13.0306
13.0777
13.1296
13.2432
13.2914
13.2565
13.2651
13.3118
13.5323
13.5171
13.5269
13.4582
13.4795
13.3996
13.4202
13.4837
13.5496
13.5479
13.5502
13.5086
13.4892
13.4748
13.1796
13.1499
13.1201
13.1423
