221.148
171.491
143.637
127.557
117.241
110.451
105.546
101.403
97.9561
94.7122
92.2204
90.0388
88.1817
86.753
85.5674
84.3961
83.3951
82.6283
82.0556
81.3979
80.6755
80.0863
79.5705
79.0514
78.7012
78.231
77.797
77.4963
77.1435
76.8509
71.8292
70.1263
69.537
69.1004
68.9384
68.6906
68.4513
68.318
68.2548
68.376
68.4487
68.6312
68.7692
68.7202
68.6702
68.652
68.6583
68.587
68.4541
68.4272
68.4898
68.469
68.4134
68.3704
68.2531
68.246
68.1858
68.0296
67.9626
67.9626
67.8698
67.7759
67.7032
67.7717
67.6696
67.6331
67.6192
67.6095
67.6028
67.5652
67.5119
67.3859
67.3205
67.367
67.3931
67.4538
67.4902
67.5611
67.6395
67.5531
67.4642
67.3892
67.3734
67.3736
67.3363
67.3278
67.381
67.4013
67.387
67.2479
67.2139
67.149
67.0391
66.9412
66.8723
66.83
66.7877
66.7331
66.6521
66.5873
66.5062
66.444
66.3715
66.3168
66.2469
66.1857
66.0676
65.9492
65.7847
65.836
65.8986
66.0018
66.1338
66.2412
66.3812
66.5246
66.699
66.6869
66.7627
66.8202
66.9745
67.0074
67.0505
67.0823
67.1318
67.1285
67.1224
67.1554
67.1753
67.195
67.2962
67.3053
67.3373
67.3271
67.3659
67.375
67.4146
67.4721
67.5152
67.4767
67.515
67.4578
67.3541
67.2113
67.1119
66.9852
66.7729
66.8144
66.7839
66.7578
66.6786
66.6144
66.5528
66.5525
66.516
66.4774
66.4991
66.5158
66.5656
66.5937
66.5562
66.6075
66.5372
66.5451
66.4817
66.4196
66.3483
66.2845
66.1997
66.1935
66.0569
66.0098
65.9492
65.9189
65.8422
65.7633
65.8286
65.7931
65.7782
65.7759
65.6412
65.6612
65.6699
65.61
65.5251
65.5084
65.4053
65.36
65.2668
65.1826
65.1401
65.1296
65.1653
65.1412
65.1221
65.124
65.2124
65.2141
65.2801
65.2456
65.2783
65.3281
65.5568
65.6338
65.6643
65.7353
65.7755
65.8892
65.8894
65.9775
66.0882
66.1395
66.226
66.3424
66.4282
66.4583
66.5054
66.4823
66.5122
66.5424
66.5504
66.5189
66.5835
66.6858
66.9149
67.0786
67.1676
67.255
67.3191
67.405
67.5159
67.6218
67.5401
67.6503
67.7808
67.8852
67.919
67.9507
68.0809
68.1394
68.0949
68.129
68.1558
68.2218
68.2699
68.3225
68.6447
68.7145
68.7422
68.8972
69.009
69.0432
69.0546
69.0846
68.9868
69.0396
69.0627
69.1041
69.1673
69.2609
69.2892
69.2092
69.1711
69.1856
69.0966
69.0488
68.9755
68.9466
68.8604
68.802
68.7994
68.8168
68.812
68.7385
68.7862
68.8094
68.6364
68.7148
68.8106
68.742
68.6531
68.7213
68.7421
68.7245
68.6756
68.6344
68.626
68.6225
68.633
68.6644
68.6277
68.7745
68.8361
68.838
68.9461
68.9959
69.0482
69.0264
69.1015
69.17
69.264
69.353
69.4766
69.5637
69.5428
69.5678
69.5063
69.4581
69.4029
69.4001
69.4301
69.3905
69.3541
69.3659
69.3865
69.264
69.1676
69.0471
68.9114
68.7583
68.7839
68.6942
68.6699
68.6614
68.6712
68.6485
68.6725
68.716
68.8033
68.835
68.9169
68.9372
68.9148
69.1028
69.205
69.3103
69.4126
69.52
69.6484
69.6944
69.8487
69.9193
70.1157
70.1382
70.2246
70.4345
70.6071
70.8546
71.0487
71.2084
71.3202
71.391
71.5307
71.6071
71.6939
71.8381
71.9083
72.0139
72.0467
72.0961
72.1908
72.1361
72.1005
71.979
71.9324
71.8841
71.8096
71.7681
71.6731
71.6871
71.6824
71.6663
71.5738
71.6025
71.6177
71.5367
71.5153
71.4434
71.3433
71.3037
71.202
71.1703
70.9685
70.8645
70.6925
70.5689
70.4671
70.3395
70.2679
70.2541
70.0826
70.0882
70.1518
70.0719
70.0707
70.0015
70.034
70.0466
70.1321
70.1791
70.1415
70.1167
70.0787
70.0727
70.0207
70.0298
69.9901
70.0018
70.1184
70.0939
70.1525
70.2045
70.2687
70.4114
70.4985
70.5162
70.7304
70.8537
70.9597
70.995
71.0419
71.1024
71.1604
71.182
71.2505
71.3291
71.4388
71.4611
71.5279
71.4816
71.3964
71.4713
71.4771
71.4765
71.5117
71.5068
71.6211
71.5885
71.5809
71.6839
71.6265
71.5536
71.5154
71.4112
71.352
71.3373
71.1329
71.0253
70.828
70.7151
70.6009
70.5031
70.3348
70.368
70.2734
70.3152
70.1912
70.1401
70.0872
70.0667
70.0928
70.0805
70.0693
69.989
69.8707
69.8346
69.6175
69.5414
69.4185
69.3204
69.2776
69.332
69.3152
69.2502
69.2648
69.221
69.2226
69.2301
69.2373
69.2116
69.2478
69.2453
69.3355
69.2799
69.2688
69.2135
69.2244
69.161
69.091
69.1334
69.1769
69.2081
69.2981
69.3359
69.4348
69.5047
69.5655
69.6117
69.6617
69.69
69.9793
70.0621
70.257
70.5618
70.7545
70.9513
71.1006
71.2209
71.2085
71.2524
71.2509
71.2876
71.2692
71.2126
71.2096
71.1217
71.0936
71.1164
71.0496
71.0124
70.9869
70.9364
70.8693
70.9728
70.9149
70.7804
70.7226
70.6992
70.6633
70.543
70.2906
70.115
69.8972
69.6568
69.5196
69.3914
69.2839
69.1902
69.223
69.1674
69.1183
69.0328
68.8811
68.8476
68.7465
68.6365
68.4203
68.1904
68.0004
67.8453
67.7187
67.5447
67.3352
67.0365
66.9193
66.8663
66.7814
66.6308
66.5164
66.4382
66.2581
66.0844
65.9499
65.6981
65.483
65.2227
65.0278
64.7969
64.5598
64.3665
64.3825
64.2199
64.0743
63.9726
63.8464
63.7912
63.7882
63.879
63.8775
63.7968
63.776
63.7398
63.6911
63.672
63.5737
63.5156
63.5157
63.5405
63.5211
63.4468
63.3754
63.358
63.3066
63.3977
63.3826
63.3927
63.3607
63.4398
63.5533
63.6441
63.5555
63.6338
63.7525
63.7881
63.8712
63.96
63.9532
63.8901
63.901
63.8689
63.7553
63.7149
63.7089
63.8041
63.9356
64.0241
64.0935
64.189
64.3192
64.5105
64.7151
64.9092
65.1306
65.2228
65.3441
65.493
65.5746
65.5655
65.5756
65.5628
65.5897
65.5697
65.5448
65.4964
65.4717
65.4212
65.4507
65.4891
65.5756
65.7427
65.7454
65.7145
65.6878
65.5476
65.402
65.1839
64.9194
64.614
64.254
63.9318
63.6137
63.2773
62.9685
62.6191
62.3004
61.9883
61.7253
61.4767
61.2425
61.0091
60.7808
60.579
60.4126
60.2577
60.0931
59.9428
59.7943
59.5852
59.4457
59.1908
59.0929
58.967
58.924
58.8467
58.8052
58.7785
58.7968
58.8051
58.8429
58.9028
58.9165
58.9786
59.0023
59.0667
59.117
59.2002
59.3072
59.4165
59.5436
59.6617
59.7312
59.7842
59.8095
59.8626
59.9094
59.9516
59.9945
60.1313
60.1437
60.1639
60.2124
60.3021
60.3148
60.3457
60.4355
60.4731
60.5044
60.7004
60.898
61.0794
61.2991
61.4778
61.6791
61.8732
62.0726
62.2343
62.3739
62.5121
62.62
62.7645
62.91
63.0961
63.2831
63.4441
63.6217
63.7849
63.969
64.1224
64.2583
64.4629
64.5133
64.596
64.8017
64.9236
64.9326
65.1482
65.2984
65.2784
65.2948
65.327
65.3222
65.2782
65.2162
65.2468
65.2485
65.2428
65.2487
65.2409
65.2633
65.2511
65.3276
65.305
65.2563
65.2165
65.2097
65.2259
65.27
65.2133
65.2611
65.2337
65.3221
65.327
65.2124
65.2396
65.3057
65.3251
65.3587
65.4297
65.3639
65.3562
65.3797
65.3703
65.3925
65.5057
65.6154
65.5823
65.5303
65.4705
65.3898
65.3448
65.1981
65.1482
65.1824
65.217
65.2305
65.2316
65.2339
65.2395
65.2339
65.268
65.302
65.3015
65.3908
65.4313
65.4596
65.4099
65.4189
65.4048
65.4742
65.4682
65.5313
65.553
65.5722
65.397
65.3193
65.368
65.4162
65.4644
65.4946
65.5732
65.5957
65.5829
65.5217
65.4597
65.3897
65.2691
65.0992
65.0101
64.8773
64.7823
64.6876
64.639
64.5093
64.3696
64.264
64.255
64.117
63.9806
63.8683
63.7499
63.5904
63.5223
63.4455
63.4048
63.2863
63.2401
63.2337
63.1954
63.1366
63.0784
63.1503
63.2197
63.3373
63.4076
63.4985
63.6018
63.7162
63.8232
63.8496
63.9197
63.9687
64.0708
64.2054
64.3241
64.4045
64.3612
64.4903
64.6078
64.7109
64.7925
64.9172
65.0579
65.116
65.1048
65.1993
65.2803
65.2247
65.323
65.3887
65.3485
65.2748
65.2221
65.1292
65.1342
65.0433
65.0803
65.0592
64.9628
64.9393
64.8553
64.8373
64.8052
64.7232
64.7815
64.759
64.7399
64.6905
64.6436
64.6464
64.7286
64.6638
64.5863
64.6237
64.7259
64.7227
64.6974
64.7894
64.7443
64.6702
64.6708
64.6669
64.7012
64.6977
64.6752
64.7296
64.6314
64.6121
64.7342
64.8063
64.9221
65.0081
65.0207
65.1022
65.0015
65.0666
65.1263
65.1497
65.171
65.2498
65.2132
65.2426
65.345
65.4383
65.5218
65.5459
65.6091
65.6674
65.6738
65.7948
65.9417
66.0807
66.1899
66.251
66.2751
66.4432
66.5428
66.6791
66.7019
66.7613
66.8493
66.9245
67.0274
67.1374
67.2492
67.3283
67.4189
67.5268
67.5978
67.5613
67.583
67.662
67.753
67.8219
67.7922
67.9015
67.9936
68.1458
68.3858
68.6149
68.8123
68.9966
69.2197
69.5166
69.9247
70.1546
70.4525
70.5175
70.6703
70.88
70.9221
70.9863
71.2104
71.4184
71.5651
71.7045
71.7754
71.8629
71.9734
72.1132
72.2191
72.3209
72.1954
72.1476
72.1364
72.0381
71.827
71.5602
71.2745
70.9731
70.6619
70.4434
70.191
69.9214
69.5493
69.2033
68.9289
68.8239
68.677
68.5095
68.4245
68.2733
68.0632
67.8102
67.677
67.5385
67.4882
67.4124
67.5099
67.3887
67.297
67.1596
67.2104
67.1945
67.301
67.5113
67.708
67.782
67.9708
68.1425
68.2767
68.3453
68.3587
68.415
68.4158
68.5396
68.6051
68.7204
68.8097
68.8958
68.9975
69.1807
69.2379
69.3548
69.4043
69.479
69.5402
69.6607
69.6269
69.7233
69.7891
69.8659
69.8918
69.7811
69.6443
69.3918
69.188
69.1367
68.9169
68.6981
68.5182
68.3642
68.2483
68.1054
68.0458
67.8818
67.7453
67.5729
67.4316
67.1887
66.9407
66.6529
66.555
66.2846
66.018
65.723
65.493
65.1245
64.7757
64.545
64.3
64.062
63.7963
63.661
63.4669
63.3075
63.1926
63.0356
62.999
62.9118
62.8073
62.721
62.5707
62.4307
62.2519
62.0601
61.8988
61.7109
61.5119
61.4309
61.336
61.2351
61.0373
61.0061
60.9856
61.0161
61.0128
61.0139
61.0303
60.9747
60.9745
60.9675
61.0545
61.1321
61.1785
61.2251
61.2222
61.2163
61.3031
61.3342
61.4671
61.5354
61.638
61.7253
61.8725
62.0115
62.1071
62.2623
62.5048
62.6147
62.684
62.9905
63.1596
63.2818
63.5261
63.6534
63.753
64.0458
64.2366
64.3742
64.5638
64.7205
64.8605
64.9673
65.2124
65.3741
65.6652
65.9214
66.02
66.2822
66.3768
66.4966
66.7014
66.9558
67.1009
67.1839
67.3331
67.4402
67.5027
67.5607
67.7926
67.7533
67.8534
67.9101
67.915
67.9987
67.95
67.7937
67.7942
67.7626
67.7411
67.7354
67.6949
67.7168
67.611
67.6019
67.5457
67.4767
67.4255
67.3609
67.4179
67.4324
67.3998
67.2897
67.1796
67.1644
67.0986
67.0186
67.0173
67.0862
66.9948
66.9594
66.9126
66.9716
67.0089
67.0296
67.1322
67.2031
67.1511
67.2297
67.2399
67.2339
67.2439
67.2076
67.2892
67.379
67.3316
67.3093
67.3194
67.3126
67.2451
67.164
67.0801
67.0822
67.1046
67.052
67.0628
67.0272
66.9369
66.8712
66.8789
66.8487
66.8753
66.7077
66.5574
66.3397
66.1858
66.0497
65.967
65.9805
65.8712
65.7719
65.6813
65.6129
65.528
65.4216
65.4331
65.4579
65.4529
65.4499
65.3569
65.3657
65.456
65.4546
65.5185
65.6708
65.7133
65.7945
65.887
65.8936
65.906
65.9627
65.903
66.0449
66.1514
66.3307
66.4925
66.5736
66.6962
66.7407
66.9229
67.092
67.2059
67.3969
67.5388
67.634
67.7568
67.8938
67.9781
68.0076
68.1222
