57.1598
428.813
515.327
556.775
583.292
599.61
611.187
620.293
627.949
634.149
638.627
642.769
645.949
648.913
651.34
653.143
655.167
656.878
658.351
659.833
661.104
662.365
663.309
664.692
665.425
666.119
667.003
667.455
668.466
669.123
690.107
686.238
686.261
686.309
686.252
686.233
686.614
686.486
686.678
686.335
686.354
686.211
686.201
686.082
686.036
685.93
685.89
685.794
685.736
685.549
685.322
685.34
685.47
685.168
685.349
685.662
685.503
685.832
685.364
684.85
684.697
684.75
684.513
684.764
684.411
684.61
684.524
684.704
684.521
684.707
684.562
684.739
684.972
685.08
685.083
685.162
684.892
685.015
685.388
685.463
685.588
685.389
685.333
685.228
685.294
685.004
685.108
685.204
685.327
685.701
685.916
685.827
685.937
686.007
686.254
686.264
685.963
686.203
686.025
686.449
686.638
686.714
686.469
686.425
686.533
686.79
686.743
686.703
686.275
686.482
686.561
686.843
686.691
686.797
686.691
686.76
686.397
686.235
686.181
685.981
686.04
686.03
686.179
685.721
685.506
685.449
685.788
685.401
685.441
684.934
684.898
684.673
684.663
684.682
684.619
684.698
684.963
684.717
684.722
684.356
684.472
684.502
684.621
684.507
684.394
684.251
684.322
684.287
684.124
684.414
684.072
684.716
684.585
685.118
685.362
685.389
685.001
685.244
685.189
685.089
684.817
684.774
684.906
684.689
684.617
684.357
684.26
684.604
684.6
684.574
684.349
684.069
683.996
684.221
684.439
684.447
684.641
684.584
684.989
685.119
685.127
684.616
684.493
684.04
683.962
683.709
683.737
683.616
683.708
683.826
684.289
684.45
684.172
684.401
684.391
684.199
684.099
683.775
683.907
684.395
684.545
684.426
684.43
684.155
684.043
684.145
683.821
683.581
683.404
683.2
683.393
683.263
683.238
683.223
683.405
683.806
684.269
684.132
683.957
683.912
683.862
683.759
684.373
684.256
684.275
684.646
684.85
685.806
686.029
685.966
685.86
686.169
686.239
686.532
686.272
686.289
686.611
687.048
686.824
686.927
687.197
687.354
687.567
688.158
687.972
687.725
687.684
687.812
687.782
687.89
687.779
687.726
687.456
687.553
687.693
687.563
687.724
687.097
687.105
686.981
686.921
686.889
686.992
686.616
687.01
686.97
686.991
687.104
687.266
687.334
686.915
686.872
686.504
686.245
686.206
686.355
686.037
686.203
686.105
686.099
685.767
685.834
685.415
685.421
685.063
685.075
684.694
684.799
684.447
684.403
684.454
684.483
684.268
684.423
684.257
684.139
684.031
683.651
683.621
683.635
683.814
683.643
684.088
683.839
683.967
683.856
683.7
683.465
683.937
684.047
684.423
684.409
684.757
684.537
684.714
684.828
685.02
684.71
684.693
684.381
684.153
684.204
684.198
684.142
684.046
684.401
684.435
684.646
684.228
684.153
683.949
684.025
683.761
683.886
683.868
683.915
684.082
684.13
683.972
683.76
684.027
684.037
684.205
684.356
684.439
684.279
684.25
684.438
684.668
685.07
685.109
684.688
684.802
684.766
684.63
684.422
684.626
684.461
684.978
684.79
684.974
684.932
685.071
685.276
685.382
685.208
685.259
685.314
685.331
685.298
684.879
684.796
684.34
684.485
684.548
684.42
684.706
684.608
684.69
684.565
684.352
684.404
684.462
685.042
685.599
685.469
685.304
685.388
685.274
685.179
685.359
685.323
685.059
684.742
684.683
684.697
684.894
685.043
684.757
684.885
685.073
685.056
685.351
685.151
685.073
685.468
685.349
685.382
685.066
685.154
685.586
685.96
685.766
685.155
685.069
685.394
685.574
685.622
685.643
687.891
691.209
694.741
698.701
702.111
705.457
709.059
712.244
715.89
719.696
723.303
726.858
730.309
730.233
730.304
730.942
730.867
730.848
730.537
730.728
730.552
730.581
730.098
730.184
730.418
730.423
730.111
729.69
729.736
729.833
727.63
724.138
720.732
716.865
713.461
709.634
705.816
702.558
698.593
695.064
691.598
687.62
684.243
683.827
683.791
683.135
683.117
682.661
682.768
682.902
683.042
682.625
682.742
682.379
682.181
682.015
681.726
681.793
681.464
681.283
680.992
680.941
680.727
680.622
680.407
680.885
681.244
681.025
680.935
680.689
680.413
680.694
680.56
681.099
680.942
680.81
680.572
680.7
680.743
680.443
680.305
680.432
680.334
680.691
680.661
680.326
680.899
681.056
680.885
680.946
681.218
681.201
681.302
681.625
681.695
681.52
681.354
681.221
681.549
681.702
681.849
681.683
681.654
681.583
681.733
682.036
682.014
682.322
682.391
682.431
682.381
682.399
682.589
682.892
683.123
683.246
682.768
682.801
683.54
683.417
683.635
684.458
684.585
684.271
684.648
684.716
685.723
686.827
688.894
688.907
688.129
687.913
688.359
688.438
688.88
689.124
689.642
689.925
690.095
690.349
690.758
691.392
691.488
691.678
691.664
692.108
692.219
692.331
692.049
692.439
692.496
692.016
692.021
692.749
692.483
692.632
691.941
691.342
689.236
689.201
690.004
690.611
690.369
690.307
689.941
689.555
689.266
689.023
688.791
688.444
688.407
687.922
688.14
687.843
688.209
687.991
688.255
688.187
688.021
687.925
687.783
687.471
687.458
687.011
686.964
686.92
686.473
686.27
686.199
686.291
686.187
685.957
685.779
686.039
685.993
686.022
685.938
686.02
686.203
686.734
686.649
687.082
687.072
687.092
686.578
686.624
686.861
686.878
687.274
686.978
687.065
687.106
687.097
687.119
687.384
687.23
687.397
687.294
687.443
687.636
687.996
687.792
688.038
687.854
687.819
687.684
687.884
687.836
687.707
687.508
687.449
687.108
686.619
686.22
686.278
686.046
685.551
685.287
684.937
685.019
685.008
684.869
684.72
684.542
684.446
684.194
684.171
683.826
683.6
683.689
683.397
683.538
683.235
682.8
683.256
683.347
683.273
682.947
683.135
682.791
682.552
682.642
682.792
682.889
682.76
682.712
682.802
683.049
682.915
682.693
683.141
683.267
683.176
683.291
683.12
683.496
683.349
683.859
683.739
683.326
682.808
682.998
683.299
683.392
682.959
682.845
682.625
682.745
682.59
682.614
682.699
682.252
682.542
682.716
682.841
683.021
682.951
682.818
682.938
683.052
682.53
682.574
683.097
683.054
683.101
683.09
683.338
683.032
683.252
683.204
683.619
683.597
683.39
683.469
683.265
683.723
683.846
683.928
683.925
684.123
684.201
684.736
684.316
684.133
684.187
684.052
684.11
684.161
684.153
684.414
684.504
684.491
684.265
684.165
684.621
684.615
684.446
684.286
684.496
684.438
684.907
684.676
684.931
685.084
685.402
684.815
684.924
684.699
684.906
684.889
684.987
684.896
685.116
685.214
685.062
685.55
685.799
685.794
685.561
685.677
685.454
685.394
685.513
685.637
685.292
685.452
685.607
686.231
685.966
686.215
685.95
686.083
685.889
685.739
685.527
685.88
686.221
686.442
686.283
686.104
686.022
686.019
686.044
685.858
685.934
685.447
685.337
685.55
685.98
685.634
685.962
685.749
685.613
685.406
685.627
685.23
685.243
684.949
685.014
685.405
685.465
685.352
685.305
685.516
685.334
685.215
684.715
684.485
684.415
684.464
684.273
684.165
684.355
684.664
684.428
684.157
684.016
683.899
684
683.987
683.782
683.813
683.5
683.477
683.347
683.535
683.78
683.864
684.047
683.496
683.282
683.206
683.406
683.323
683.91
684.006
684.1
684.245
684.378
684.274
684.312
684.212
683.776
683.461
683.705
683.893
683.985
683.822
683.535
683.853
684.073
684.4
684.493
684.431
684.337
684.46
684.477
684.389
684.192
684.274
684.257
684.581
684.405
684.296
683.936
683.897
684.154
684.381
684.18
684.132
684.184
684.116
684.171
684.285
684.425
684.368
684.536
684.567
684.598
684.471
684.147
683.996
684.273
684.526
684.182
683.945
683.991
684.041
683.734
683.702
683.698
683.714
683.879
684.121
684.314
684.187
683.808
683.52
683.631
684.146
684.02
683.985
684.148
684.294
684.42
684.547
684.586
684.535
684.749
684.806
685.165
685.159
685.031
684.872
685.31
685.389
685.317
685.581
685.768
685.813
686.335
686.028
685.928
685.999
686.028
686.103
685.978
685.953
685.964
685.852
686.049
686.376
686.338
686.398
686.155
686.204
685.756
685.7
685.706
685.901
685.629
685.561
685.625
685.772
686.03
686.301
686.217
686.089
686.43
686.588
686.943
690.736
694.482
697.988
701.502
705.274
709.564
713.215
716.779
720.324
724.252
728
731.689
732.551
732.195
731.921
733.085
733.173
733.21
732.775
732.653
732.712
732.774
733.302
732.816
732.709
732.761
732.803
732.617
732.571
731.972
728.552
724.796
721.231
717.546
713.626
709.7
706.444
702.824
698.819
695.158
691.087
687.388
686.029
686.534
686.762
685.704
685.848
685.819
686.17
686.553
686.294
686.409
685.802
685.923
685.696
685.555
685.461
685.414
685.32
685.338
685.294
685.796
685.727
685.776
686.145
686.017
686.294
686.186
686.863
686.809
687.458
688.153
688.551
688.72
689.153
689.376
689.445
689.158
689.236
688.968
689.301
689.015
689.12
689.147
689.432
689.315
688.957
688.903
688.734
688.642
688.207
687.593
687.167
687.005
686.699
686.552
685.726
685.739
685.088
684.611
684.04
683.334
683.241
683.027
682.51
682.739
681.967
681.751
681.579
681.658
681.824
681.512
681.456
681.299
680.954
680.845
680.964
681.075
681.145
680.925
681.468
681.452
681.719
681.734
681.767
681.933
682.136
681.985
682.26
682.555
682.87
683.133
683.226
683.101
683.213
683.069
683.661
683.823
683.707
683.622
683.271
683.682
683.726
683.987
684.105
684.054
684.284
684.081
684.173
684.014
683.239
683.471
683.53
683.878
683.851
683.713
683.86
683.808
683.732
683.847
683.881
683.594
683.581
683.46
683.313
682.93
682.774
682.655
682.782
683.111
682.741
682.967
682.685
682.43
682.004
682.131
681.737
681.636
681.352
681.534
681.982
681.763
681.297
681.048
680.86
681.209
680.615
680.596
680.471
680.326
680.266
680.175
680.041
680.144
680.362
680.394
680.763
681.13
681.04
680.635
681.103
680.635
681.101
680.686
681.407
681.318
681.418
681.357
681.311
681.384
681.58
681.682
681.904
681.63
681.764
681.543
681.625
682.202
682.176
682.048
681.568
681.939
681.87
681.603
681.357
681.468
681.553
681.608
681.414
680.978
680.839
681.165
680.983
681.456
681.171
681.276
681.386
681.51
681.799
681.707
681.414
681.154
681.381
681.586
681.601
681.553
682.234
681.841
682.221
681.816
682.066
681.468
681.661
681.679
681.61
681.699
681.437
681.136
681.388
682.122
682.292
682.009
681.775
681.862
681.869
682.273
681.966
682.022
681.999
682.234
682.089
682.309
682.165
682.094
682.313
682.304
681.892
682.324
682.227
682.571
682.479
682.706
682.673
682.61
683.16
683.002
682.898
682.866
682.708
682.508
