115.73
108.675
106.107
105.196
103.598
102.261
101.468
101.469
101.006
100.917
100.556
100.37
100.089
99.9916
100.041
99.9259
99.7051
99.6145
99.7778
99.6942
99.6084
99.6311
99.4768
99.3946
99.46
99.2851
99.2025
99.2538
99.5736
99.5369
98.9131
98.7994
98.6737
98.5913
98.6376
98.6591
98.7321
98.5793
98.6164
98.5151
98.5093
98.7445
98.8436
98.8797
98.9796
98.9344
99.0486
99.0265
98.8991
98.8659
98.7785
98.684
98.7621
98.8802
98.8463
99.0465
99.1306
99.0035
98.5718
98.4597
98.4216
98.4276
98.5136
98.3696
98.3337
98.4047
98.327
98.5838
98.527
98.4292
98.5673
98.3347
98.3611
98.2409
98.0396
98.0721
98.1131
98.1173
98.0676
98.2573
98.2821
98.3091
98.27
98.15
98.0663
98.0344
97.9951
98.0134
98.0974
98.2308
98.3907
98.4803
98.3977
98.4141
98.3966
98.3214
98.3937
98.1825
98.2264
98.3245
98.237
98.3394
98.2696
98.4471
98.5123
98.5368
98.3785
98.3082
98.4135
98.1839
98.1823
98.2892
98.2892
98.3757
98.4543
98.4913
98.6535
98.5986
98.5443
98.5418
98.4469
98.399
98.3987
98.4616
98.6791
98.7079
98.7177
98.6819
98.7307
98.751
98.7215
98.6278
98.5582
98.4335
98.4117
98.4019
98.4686
98.5023
98.3599
98.4158
98.5338
98.3893
98.4277
98.4596
98.4059
98.2485
98.1336
98.173
98.2266
98.1793
98.1199
98.2299
98.2176
98.2665
98.0416
98.1182
98.0522
98.1657
98.0191
98.0144
98.0575
98.0026
98.1223
98.0989
98.0486
98.0444
98.1518
98.1894
98.2025
98.2161
98.1
98.0853
98.1391
98.0559
98.0356
97.9917
98.0483
98.155
98.2433
98.2508
98.2461
98.0657
98.0378
97.9663
97.9779
97.8997
97.8353
97.694
97.8023
97.7661
97.7232
97.8436
97.752
97.7866
97.8783
97.8446
97.6701
97.6576
97.7151
97.6954
97.7295
97.6747
97.5203
97.4393
97.3912
97.5644
97.5171
97.5241
97.3721
97.3083
97.5075
97.6303
97.6996
97.6863
97.6992
97.7123
97.7537
97.7976
97.7681
97.7461
97.8019
97.7781
97.8631
97.7754
97.7069
97.8765
98.2009
98.2973
98.3593
98.4625
98.4832
98.7134
98.8452
98.8845
98.9977
98.9853
98.9807
98.9758
99.1093
99.1952
99.1524
99.1139
99.5017
99.5779
99.7633
99.8345
99.8993
99.9827
100.076
100.217
100.321
100.273
100.245
100.4
100.434
100.316
100.121
100.134
100.114
100.061
100.132
100.058
100.071
100.155
100.138
100.051
100.059
100.029
99.9329
100.009
99.9898
100.055
99.6648
99.6224
99.5001
99.4345
99.4937
99.4114
99.4137
99.2442
99.1095
99.0575
99.0094
98.9629
98.9841
99.0383
99.0054
98.9132
99.0824
99.1613
99.1416
99.0527
98.9461
98.91
98.8759
98.9524
98.8197
98.7439
98.8639
98.7389
98.6655
98.4567
98.4387
98.3754
98.3585
98.4683
98.4123
98.5046
98.4952
98.7312
98.7398
98.7681
98.7863
98.7474
98.8418
98.7997
98.7471
98.8229
98.6376
98.6201
98.5879
98.6929
98.8027
98.7876
98.8131
98.9314
99.0248
99.0718
99.0187
99.0912
99.196
99.3267
99.5205
99.6736
99.7646
99.7869
99.996
99.9981
100.045
100.084
100.299
100.405
100.519
100.699
100.734
100.883
101.126
101.375
101.523
101.562
101.621
101.697
101.829
101.85
102.03
101.988
102.203
102.417
102.532
102.67
102.844
102.854
102.946
103.053
103.055
103.086
102.987
103.049
103.158
103.186
103.237
103.397
103.468
103.425
103.358
103.406
103.219
102.972
102.944
102.907
102.961
102.938
102.779
102.839
102.836
102.785
102.625
102.456
102.27
102.144
101.935
101.975
101.823
101.686
101.698
101.631
101.612
101.552
101.357
101.256
101.364
101.183
101.201
101.593
101.669
101.498
101.533
101.56
101.909
101.986
101.959
102.004
102.106
102.184
102.134
102.282
102.349
102.333
102.51
102.6
102.755
102.847
102.825
102.901
102.931
102.994
103.06
103.103
103.237
103.373
103.166
103.187
103.194
102.801
102.837
103.025
103.14
103.127
102.754
102.788
102.915
102.87
102.869
102.808
102.971
102.806
102.796
102.922
102.942
102.975
102.87
102.796
102.755
102.672
102.56
102.533
102.521
102.442
102.42
102.316
102.352
102.352
102.306
102.287
102.19
102.038
102.011
102.082
102.092
102.018
101.843
101.719
101.741
101.77
101.61
101.608
101.606
101.588
101.532
101.499
101.534
101.707
101.822
101.897
102.005
102.003
101.936
101.987
102.03
102.111
102.016
102.168
102.199
102.378
102.397
102.456
102.495
102.469
102.55
102.57
102.835
102.999
102.958
103.218
103.36
103.519
103.703
103.926
104.106
104.242
104.422
104.493
104.813
104.987
105.19
105.45
105.715
105.999
106.188
106.328
106.617
106.689
106.8
106.806
106.914
107.048
107.269
107.55
107.693
107.86
107.786
107.917
108.135
108.007
108.077
108.179
108.127
107.949
107.844
107.764
107.787
107.623
107.38
107.241
107.072
106.866
106.8
106.593
106.354
106.051
105.876
105.69
105.529
105.255
105.026
104.747
104.464
104.069
103.698
103.392
103.151
102.897
102.68
102.44
102.11
101.882
101.606
101.864
101.808
101.589
101.26
101.072
100.868
100.682
100.454
100.358
100.111
99.9708
99.8992
99.8394
99.5684
99.4316
99.2814
99.2555
99.2226
99.2114
99.0236
98.9351
98.9358
98.9262
98.9099
98.955
98.8669
98.8126
98.8117
98.7336
98.6787
98.2478
98.0772
98.1326
98.0577
98.0675
97.977
97.9804
98.0458
97.9331
97.8812
97.8296
97.8571
98.0656
98.074
98.1157
98.1156
98.1408
98.2532
98.2974
98.4292
98.6342
98.7325
98.8881
99.1192
99.2415
99.3534
99.5243
99.6473
99.7987
100.012
100.044
100.318
100.39
100.589
100.753
100.986
101.09
101.36
101.527
101.749
101.883
101.847
101.806
101.871
101.925
102.052
102.081
101.98
101.903
101.791
101.611
101.444
101.191
100.886
100.499
100.349
100.119
99.8897
99.549
99.3447
99.1217
98.8059
98.6207
98.3563
98.0022
97.7266
97.567
97.1994
96.9184
96.5842
96.4116
96.2625
96.0511
95.9634
95.7885
95.5784
95.5173
95.4752
95.3985
95.2921
95.2927
95.2858
95.3101
95.3878
95.4683
95.5565
95.5765
95.6036
95.7248
95.7271
96.0697
96.0808
96.131
96.1821
96.2672
96.2399
96.2303
96.215
96.3389
96.4436
96.4532
96.5219
96.5383
96.5703
96.5625
96.5375
96.5199
96.4565
96.5059
96.6332
96.7168
96.8081
96.802
96.8275
96.9583
96.8693
96.9768
97.0391
96.9721
96.9556
96.9974
97.0507
97.1118
97.1954
97.3052
97.3943
97.477
97.5197
97.5253
97.5398
97.6166
97.6839
97.7086
97.706
97.7661
97.9096
97.9132
98.0527
98.1434
98.1606
98.2421
98.2429
98.3367
98.3188
98.3204
98.3999
98.394
98.3677
98.5368
98.6135
98.4937
98.596
98.765
98.8134
98.8441
98.8885
98.9224
99.0239
99.0975
99.1616
99.0951
99.0273
99.0868
99.1106
99.1944
99.2545
99.3005
99.3033
99.3171
99.3185
99.273
99.2463
99.2865
99.2633
99.3018
99.2212
99.2114
99.1792
99.2336
99.2507
99.2169
99.2029
99.0763
99.1345
99.1239
99.2175
99.2249
99.2023
99.2295
99.1759
99.5115
99.6488
99.7423
99.8151
99.8554
99.8799
99.9609
99.9316
99.9903
100.065
100.057
100.076
100.104
100.158
100.152
100.18
100.172
100.171
100.079
100.077
100.079
99.9951
99.9002
99.7972
99.7793
99.7259
99.7237
99.6747
99.5178
99.4884
99.17
98.9793
98.8036
98.7424
98.7138
98.5489
98.4637
98.4683
98.3874
98.2985
98.1511
98.1773
98.0408
97.9349
97.9078
97.894
97.8669
97.9114
97.9325
97.8481
97.7954
97.8691
97.9034
97.8784
97.7948
97.7529
97.7538
97.7042
97.7782
98.0064
98.074
98.1548
98.256
98.1792
98.0974
98.1871
98.2255
98.2257
98.2728
98.2809
98.4142
98.4821
98.5881
98.7236
98.892
98.9337
99.0561
99.0549
99.0559
99.1543
99.2203
99.1807
99.2341
99.2735
99.3917
99.6883
99.8817
100.086
100.143
100.023
100.042
100.107
100.146
100.328
100.424
100.432
100.437
100.524
100.462
100.437
100.568
100.549
100.512
100.493
100.5
100.44
100.389
100.382
100.397
100.362
100.354
100.445
100.452
100.498
100.476
100.231
100.041
99.911
99.8955
99.8515
99.8495
99.8589
99.8707
99.7175
99.7586
99.8186
99.8652
99.8902
100.004
100.131
100.086
100.105
100.208
100.298
100.18
100.263
100.358
100.511
100.655
100.789
100.868
100.955
101.029
101.148
101.269
101.401
101.481
101.64
101.747
101.885
101.898
101.987
102.027
102.237
102.348
102.398
102.44
102.48
102.554
102.673
102.834
102.937
103.015
103.248
103.346
103.547
103.676
103.791
103.878
104.059
104.257
104.505
104.751
104.955
105.293
105.588
105.967
106.332
106.752
107.176
107.784
108.306
108.899
109.367
109.867
110.429
111.141
111.605
112.194
112.614
112.937
113.349
113.721
113.904
114.189
114.379
114.51
114.702
114.682
114.613
114.561
114.394
114.254
114.143
113.835
113.571
113.34
113.105
112.871
112.567
112.157
111.794
111.365
110.962
110.512
110.106
109.639
109.346
108.942
108.8
108.607
108.31
108.138
107.968
107.96
107.98
107.972
107.899
108.144
108.262
108.481
108.79
109.02
109.339
109.722
110.094
110.358
110.777
111.068
111.391
111.702
112.062
112.467
112.934
113.361
113.801
114.092
114.523
114.862
115.114
115.433
115.854
116.066
116.256
116.312
116.193
116.177
116.218
116.161
116.109
115.873
115.526
115.311
114.9
114.616
114.214
113.911
113.402
113.021
112.645
112.342
111.951
111.464
110.972
110.513
109.995
109.526
109.042
108.504
107.947
107.447
106.92
106.511
106.166
105.773
105.592
105.24
104.978
104.618
104.402
104.281
104.157
104.036
104.012
103.831
103.719
103.62
103.534
103.358
103.167
102.984
102.858
102.876
102.782
102.624
102.492
102.364
102.201
102.186
102.169
102.103
101.985
101.95
101.919
101.928
101.933
102.056
102.033
101.997
102.08
102.095
102.06
102.099
102.102
102.134
102.164
102.208
102.221
102.298
102.451
102.579
102.568
102.418
102.495
102.499
102.511
102.614
102.661
102.665
102.623
102.565
102.559
102.5
102.417
102.446
102.389
102.381
102.347
102.383
102.372
102.348
102.502
102.453
102.477
102.457
102.428
102.445
102.465
102.512
102.442
102.437
102.596
102.628
102.596
102.714
102.866
102.769
102.684
102.915
102.972
103.053
103.077
103.123
103.187
103.319
103.428
103.429
103.451
103.579
103.552
103.571
103.485
103.508
103.54
103.644
103.809
103.874
103.873
103.933
104.043
103.99
103.952
104.073
104.162
104.193
104.172
104.402
104.556
104.341
104.425
104.51
104.622
104.841
104.834
104.705
104.717
104.808
104.898
104.9
105.015
105.053
105.135
105.18
105.157
105.15
105.161
105.061
105.094
105.25
105.228
105.227
105.023
104.876
104.742
104.593
104.527
104.352
104.235
104.221
104.061
103.874
104.075
103.798
103.74
103.703
103.569
103.367
103.277
103.122
102.966
102.884
102.724
102.596
102.526
102.432
102.335
102.3
102.218
101.977
101.914
101.864
101.916
101.961
102.042
102.116
102.107
102.198
102.188
102.191
102.224
102.353
102.043
102.08
102.034
101.988
101.981
102.052
102.107
102.12
102.1
102.06
102.126
102.117
