2.86043
517.744
675.42
755.043
805.143
838.426
863.882
881.78
893.718
903.187
911.502
919.019
925.503
931.585
937.081
941.675
944.968
947.864
951.662
955.1
957.881
960.383
962.782
965.085
966.885
968.551
970.238
971.972
973.297
974.732
1008.36
1008.02
1009.05
1010.18
1010.65
1011.17
1011.58
1012.29
1013.47
1015.02
1016.03
1016.74
1017.31
1017.51
1017.58
1017.78
1018.43
1019.18
1018.96
1018.8
1019.12
1019.24
1019.34
1019.38
1019.77
1019.97
1020.78
1020.71
1021.13
1020.56
1020.75
1020.41
1019.66
1020.01
1019.63
1018.47
1017.64
1016.38
1015.58
1014.03
1012.83
1011.55
1010.52
1009.65
1009.21
1007.99
1007.04
1006.38
1005.88
1005.08
1003.96
1003.15
1002.16
1001.19
1000.21
999.155
997.176
996.048
994.889
994.682
993.77
993.19
993.039
991.592
990.993
991.158
990.564
990.678
990.535
991.035
992.007
992.751
992.764
993.5
993.107
992.982
992.684
993.521
993.867
993.364
994.614
994.453
994.544
994.228
995.288
995.814
996.044
995.973
997.151
996.817
997.471
996.847
997.801
998.215
997.971
997.405
998.565
998.319
997.741
997.25
995.926
995.143
994.838
993.793
993.661
993.763
993.748
992.168
991.112
991.307
989.678
989.4
989.112
989.139
987.642
987.012
986.827
986.735
985.505
985.371
984.371
984.495
983.23
982.301
982.206
982.446
981.044
980.771
980.696
980.4
980.638
980.532
980.407
980.336
980.025
980.009
980.042
979.996
980
979.982
980.365
981.258
981.398
981.584
982.268
982.512
982.845
983.522
983.854
984.24
984.498
985.04
985.186
985.278
985.407
984.902
984.948
984.52
984.282
983.824
983.306
982.871
983.538
984.537
985.273
986.097
987.187
987.648
988.588
989.237
990.2
990.162
990.688
990.804
990.746
990.876
991.111
991.042
991.547
991.895
992.304
992.794
993.292
993.852
994.378
995.544
996.522
997.625
998.603
999.332
1000.26
1001.5
1001.86
1001.7
1001.64
1001.53
1000.82
1001.37
1001.4
1001.03
1000.36
1000.19
1000.54
1000.88
1001
1001.79
1002.46
1002.42
1001.85
1002.54
1003.25
1003.51
1003.8
1004.48
1004.68
1004.65
1004.48
1004.58
1005.03
1005.83
1005.84
1005.5
1005.71
1005.61
1006.01
1006.04
1006.59
1006.45
1005.66
1005.75
1005.6
1004.97
1004.37
1004.47
1004.46
1004.05
1003.06
1002.86
1002.63
1001.87
1001.25
1000.59
1000.19
999.78
999.681
1000.08
999.958
999.94
999.58
999.128
999.617
999.814
999.355
999.355
999.102
999.28
999.335
999.754
1000.47
1000.34
1000.58
1001.6
1002.37
1002.23
1002.56
1002.44
1002.75
1004.01
1004.81
1005.48
1006.32
1006.63
1006.72
1005.8
1004.48
1003.55
1002.71
1002.33
1002.52
1002.44
1001.51
1000.5
1000.35
1000.21
999.665
999.129
998.406
996.888
995.67
995.071
993.845
992.17
991.312
990.671
989.797
988.83
988.374
987.03
986.262
985.168
983.786
983.098
982.52
982.226
982.577
982.429
982.571
981.983
981.098
980.597
980.516
980.967
980.953
980.514
980.436
980.105
980
980.567
981.17
981.625
982.379
983.078
982.735
982.941
983.048
983.468
983.434
983.36
983.464
983.014
982.995
982.56
982.156
982.088
981.963
981.627
981.483
981.457
981.226
980.908
980.713
980.873
980.544
980.442
980.128
979.823
979.59
979.256
978.551
978.612
978.934
979.175
978.616
977.816
977.221
977.434
977.623
977.627
976.855
976.851
976.925
976.931
976.837
977.234
977.643
977.649
977.467
977.53
977.793
978.235
978.472
978.269
978.431
978.591
979.049
979.437
979.814
980.171
980.972
981.058
980.938
980.832
981.556
982.578
983.277
982.745
982.586
982.551
983.355
983.302
982.87
982.92
983.323
983.229
983.13
983.712
984.315
984.722
984.708
984.489
984.821
984.879
984.722
984.556
984.773
985.312
985.676
986.209
986.486
986.343
986.443
986.269
986.417
986.485
986.198
986.69
987.374
987.621
986.685
986.371
986.215
985.853
985.175
984.778
984.573
983.898
983.182
982.495
981.95
981.422
980.591
979.758
978.985
978.371
977.36
976.051
974.868
973.522
972.36
971.616
970.71
970.105
969.097
968.101
967.515
966.753
965.323
964.329
964.428
964.535
964.283
964.273
964.43
964.305
964.027
963.867
963.947
963.964
963.884
963.945
964.212
964.31
964.413
964.464
964.637
964.679
964.677
964.756
965.003
965.084
964.928
964.85
964.952
964.896
964.817
964.587
964.834
964.866
964.689
964.609
964.47
964.228
964.21
964.116
964.119
964.22
963.958
963.846
964.166
964.688
964.282
964.373
964.442
964.331
964.134
964.203
964.674
966.656
968.129
969.177
970.637
971.923
973.103
974.393
975.599
977.049
977.867
978.786
979.743
980.809
981.988
983.175
984.136
985.407
986.475
987.64
988.738
989.759
990.389
990.92
992.013
993.075
994.101
995.34
996.477
997.654
998.307
997.361
997.02
997.302
997.02
996.992
997.014
997.044
997.218
997.385
997.438
997.638
997.893
997.874
998.021
998.255
998.474
998.518
998.656
998.982
999.236
999.538
999.989
999.918
1000.33
1000.5
1000.64
1000.95
1001.33
1001.88
1002.2
1002.73
1003.11
1003.34
1003.71
1003.96
1004.11
1003.92
1003.9
1003.32
1003.73
1003.93
1003.69
1004.1
1004.26
1004.25
1003.95
1004.03
1003.67
1003.36
1002.88
1002.35
1002.03
1002.44
1002.06
1002.19
1002.14
1001.92
1001.78
1001.36
1001.3
1001.09
1000.8
1000.38
1000.11
1000.01
999.955
1000.22
1000.21
1000.73
1000.85
1000.79
1001.01
1000.78
1000.84
1000.91
1000.63
1000.67
1001.07
1001.18
1002.13
1002.64
1002.48
1001.79
1001.52
1001.14
1001.43
1001.73
1001.83
1001.96
1002.21
1002.32
1002.75
1002.91
1003.27
1003.32
1003.52
1003.55
1003.87
1002.67
1001.37
1000.4
999.467
998.405
997.192
996.193
995.715
994.531
993.474
992.265
990.595
989.518
988.788
988.06
987.338
986.438
984.968
983.493
982.241
980.94
979.683
978.675
977.303
976.441
975.346
974.456
973.465
972.465
971.368
971.628
971.966
972.178
972.369
972.759
973.232
973.476
974.052
974.629
974.883
975.304
975.703
976.123
976.62
977.116
977.605
978.153
978.639
979.198
979.551
979.872
979.975
980.074
980.064
980.132
980.126
980.369
980.304
980.136
979.912
979.965
979.757
979.824
979.83
980.042
979.847
979.913
979.66
979.398
979.376
979.339
979.368
979.211
979.098
979.022
978.751
978.554
978.363
978.153
978.055
978.362
978.415
978.254
978.366
978.185
978.182
978.156
978.399
978.842
978.991
978.968
979.04
978.899
978.866
978.348
978.244
978.061
977.909
978.094
977.965
977.899
977.871
977.806
977.8
978.159
978.657
978.954
979.426
980.05
980.334
979.966
980.185
980.779
980.955
981.404
981.576
981.565
981.808
982.072
982.452
982.79
983.071
983.488
983.782
984.324
984.657
984.935
985.202
985.453
985.533
985.482
985.493
985.481
985.424
985.063
984.594
984.167
983.994
983.48
983.247
983.475
983.112
982.493
982.384
981.953
981.533
981.214
980.52
979.827
979.268
978.769
978.535
978.373
977.974
977.48
977.373
976.969
976.842
976.388
976.557
976.656
976.876
977.096
977.214
977.546
977.715
977.835
977.804
978.2
978.272
978.182
978.299
978.483
978.378
978.589
978.905
979.143
979.793
980.011
980.238
980.608
980.481
980.88
981.297
982.07
982.451
983.132
983.774
984.87
985.341
985.874
986.54
986.82
986.743
986.523
986.479
986.455
986.563
986.062
985.908
985.863
985.879
985.747
985.865
985.638
985.544
985.738
985.242
985.552
985.458
985.3
985.405
984.715
984.784
984.105
983.629
983.282
982.506
981.482
980.82
980.46
979.512
979.449
979.397
979.502
979.46
979.456
979.227
979.131
979.019
978.808
978.548
978.395
978.052
978.088
977.971
977.606
977.712
977.426
977.602
977.532
977.473
977.443
977.127
977.17
977.042
976.88
976.736
976.807
976.796
976.684
976.781
976.258
976.127
975.822
975.693
975.947
975.802
976.07
976.164
976.191
976.457
976.886
977.013
976.978
977.022
977.033
976.879
976.848
976.533
976.412
976.422
976.519
976.45
976.664
976.769
976.705
976.79
976.634
976.641
976.666
976.572
976.958
977.223
977.513
977.751
977.334
977.321
977.109
977.145
977.263
977.042
976.744
976.73
977.073
977.007
976.97
977.069
977.095
977.155
977.227
977.363
977.388
977.326
977.637
977.802
977.942
978.099
978.219
979.292
979.862
980.604
980.928
981.476
982.423
982.947
983.765
984.722
985.977
986.628
986.882
987.139
987.55
987.779
987.796
988.083
988.418
988.525
988.545
989.127
989.13
989.303
989.453
989.833
989.418
989.45
989.5
989.679
990.208
989.687
989.525
989.392
989.369
989.331
988.888
988.926
989.093
988.79
987.564
986.83
986.261
985.63
984.753
984.188
983.609
982.96
982.208
981.853
981.433
980.528
980.143
979.348
978.832
978.263
977.916
977.308
976.567
975.8
974.696
973.917
972.946
972.038
971.157
970.318
969.368
968.397
967.346
966.588
966.471
966.414
966.663
967.015
967.285
967.491
967.715
967.918
968.826
969.479
970.028
971.043
971.454
972.186
973.147
973.528
974.328
975.288
976.075
977.086
977.936
978.572
979.218
979.396
979.649
979.734
980.345
981.122
982.03
982.536
983.082
983.531
984.219
984.881
985.92
986.37
987.582
988.967
989.512
989.785
990.352
990.614
991.529
992.509
993.315
994.562
995.307
995.736
996.327
996.825
997.26
998.014
998.51
999.387
1000.28
1001.16
1001.64
1001.8
1001.73
1002
1002.29
1002.6
1002.59
1002.52
1002.39
1002.59
1002.11
1001.47
1001.15
1001.1
1000.91
999.72
998.449
996.918
995.238
993.696
992.065
990.761
989.747
988.446
987.352
985.892
984.936
983.998
983.028
981.893
980.759
979.797
978.867
978.037
977.037
975.945
975.015
974.157
973.062
972.235
971.176
970.255
969.169
968.133
967.293
967.337
967.347
967.298
967.167
966.811
966.778
966.738
966.505
966.387
966.358
966.363
966.289
966.188
966.017
966.04
966.069
965.764
965.46
965.253
964.939
964.884
964.664
964.373
964.092
963.853
963.789
963.67
963.77
963.767
963.473
963.141
962.829
962.718
962.7
962.895
963.281
963.529
963.975
964.065
964.116
964.143
964.234
964.249
964.385
964.295
964.334
964.683
965.102
965.404
965.79
965.922
966.301
966.553
966.725
966.92
967.006
967.334
967.519
967.412
967.549
967.797
967.954
967.984
967.862
967.719
967.242
966.799
966.354
966.233
966.128
965.947
965.817
965.556
965.406
965.241
964.997
964.936
964.637
964.276
964.028
963.967
963.686
963.549
963.539
963.512
963.395
962.969
962.631
962.651
962.676
962.532
962.485
962.387
962.385
962.331
962.421
962.445
962.475
962.624
962.534
962.52
962.295
962.361
962.299
962.398
962.223
962.025
962.079
961.998
961.863
961.862
961.749
961.819
961.828
961.75
961.808
961.785
961.772
961.667
961.555
961.459
961.361
961.36
961.402
961.489
961.319
