45.5911
24.8995
17.8468
14.2861
12.1319
10.69
9.65292
8.87638
8.27996
7.79606
7.40287
7.07096
6.7934
6.55733
6.34867
6.16672
6.0071
5.86314
5.7341
5.61857
5.51504
5.4201
5.35047
5.26621
5.20834
5.13805
5.07123
5.011
4.95499
4.90353
3.49695
3.47015
3.45949
3.45312
3.44979
3.44679
3.44509
3.44326
3.43904
3.43598
3.43175
3.42995
3.42563
3.43789
3.43619
3.44726
3.44386
3.4401
3.43788
3.43503
3.43272
3.4283
3.41059
3.40986
3.39318
3.38998
3.38891
3.3859
3.3832
3.37918
3.38208
3.37889
3.37535
3.3713
3.36852
3.37961
3.37721
3.38736
3.38413
3.38145
3.38008
3.3768
3.37623
3.35725
3.35491
3.34041
3.33915
3.34123
3.33954
3.33751
3.33374
3.3352
3.33516
3.33532
3.33531
3.33605
3.33754
3.3383
3.34792
3.3494
3.34708
3.34698
3.3469
3.3465
3.344
3.32893
3.32851
3.3139
3.31324
3.31376
3.31231
3.31223
3.3123
3.3119
3.31046
3.30819
3.30661
3.3039
3.31747
3.31732
3.33234
3.32818
3.3262
3.32307
3.32094
3.31947
3.31713
3.31676
3.30807
3.3073
3.30351
3.30384
3.30369
3.3064
3.30837
3.31159
3.31307
3.31376
3.31569
3.31513
3.32546
3.32678
3.33179
3.33078
3.33153
3.3328
3.33388
3.33435
3.32157
3.32252
3.30821
3.31138
3.31405
3.31613
3.31876
3.32086
3.32086
3.32261
3.32182
3.32173
3.32409
3.33506
3.33972
3.3442
3.34655
3.34291
3.34191
3.34307
3.34308
3.34301
3.33478
3.33338
3.32843
3.33035
3.33165
3.33395
3.33429
3.33588
3.33523
3.33435
3.33542
3.33687
3.33674
3.34586
3.34378
3.35159
3.35324
3.35154
3.35076
3.35175
3.35206
3.34107
3.33719
3.33097
3.32927
3.33142
3.33526
3.33617
3.33779
3.33937
3.34203
3.34487
3.34712
3.34859
3.35616
3.35512
3.36266
3.36195
3.3652
3.36827
3.36952
3.37213
3.37323
3.36785
3.37195
3.36534
3.36899
3.37107
3.37502
3.37676
3.3778
3.38159
3.38414
3.38829
3.39187
3.39779
3.40547
3.41774
3.42285
3.42575
3.42628
3.42817
3.42842
3.43129
3.42798
3.43487
3.43303
3.43786
3.4386
3.44137
3.44315
3.44198
3.44543
3.44669
3.44891
3.45151
3.45115
3.46436
3.47124
3.47587
3.4783
3.47952
3.48309
3.48516
3.48695
3.48758
3.48379
3.47726
3.47761
3.48151
3.48447
3.48853
3.49181
3.4943
3.49639
3.4952
3.49586
3.49767
3.54794
3.54811
3.54927
3.55449
3.56865
3.57067
3.58471
3.5884
3.59359
3.5866
3.58404
3.58436
3.58704
3.58865
3.59021
3.60225
3.60595
3.60541
3.60575
3.60593
3.60585
3.60913
3.61588
3.61948
3.61977
3.61999
3.62129
3.62366
3.62432
3.62742
3.58142
3.5859
3.58914
3.58842
3.57776
3.57963
3.56812
3.56637
3.56491
3.56563
3.56605
3.56661
3.56556
3.57156
3.5752
3.56469
3.56168
3.56341
3.56354
3.56504
3.56963
3.58797
3.58228
3.57967
3.5819
3.5826
3.58287
3.58027
3.58119
3.57928
3.58024
3.58047
3.58122
3.58347
3.59852
3.60366
3.61826
3.62151
3.62453
3.62512
3.62653
3.62787
3.63336
3.63232
3.63253
3.63638
3.6396
3.64237
3.6462
3.64821
3.6464
3.66876
3.67102
3.67796
3.68497
3.71343
3.7291
3.75883
3.78871
3.79061
3.79992
3.80988
3.82001
3.81915
3.80607
3.80927
3.79687
3.80181
3.80202
3.80389
3.81023
3.81141
3.816
3.81625
3.82258
3.83023
3.83963
3.84001
3.86093
3.87334
3.8749
3.83537
3.83835
3.84658
3.8452
3.83025
3.8193
3.8005
3.77861
3.78249
3.77745
3.77099
3.76677
3.76974
3.77382
3.77098
3.7733
3.77072
3.80133
3.80138
3.82864
3.85486
3.84922
3.84951
3.84278
3.83585
3.82788
3.82751
3.80853
3.79691
3.79839
3.79958
3.80001
3.79071
3.79348
3.78802
3.78781
3.78355
3.7804
3.78065
3.80664
3.80775
3.83386
3.83508
3.83128
3.82981
3.83086
3.82999
3.80116
3.80256
3.77114
3.7478
3.75122
3.75243
3.75394
3.7546
3.75726
3.75877
3.75886
3.76108
3.76005
3.7614
3.78825
3.8119
3.81083
3.80699
3.80776
3.80839
3.8065
3.80408
3.78011
3.78788
3.75926
3.75939
3.76335
3.76293
3.76015
3.76308
3.76187
3.75936
3.75817
3.75418
3.77178
3.79126
3.79367
3.79886
3.79581
3.79358
3.79049
3.78678
3.78704
3.78508
3.75503
3.72756
3.72128
3.7248
3.72111
3.71802
3.71909
3.71752
3.71385
3.70294
3.70185
3.70033
3.71848
3.72304
3.75564
3.75329
3.75417
3.75315
3.75524
3.7546
3.7701
3.7466
3.74459
3.73573
3.74036
3.74495
3.74626
3.75096
3.75481
3.75459
3.75703
3.75992
3.76478
3.78996
3.79125
3.81817
3.81877
3.82227
3.82616
3.83214
3.84018
3.84803
3.85503
3.86184
3.84436
3.88162
3.89804
3.91715
3.93313
3.97791
3.9678
4.01508
4.0589
4.07887
4.11793
4.17622
4.21791
4.27569
4.29001
4.32896
4.34267
4.35596
4.36829
4.37328
4.38682
4.37419
4.38709
4.41824
4.44684
4.47332
4.49415
4.50114
4.48339
4.48497
4.50015
4.49136
4.51173
4.52371
4.52119
4.49258
4.4775
4.44827
4.41271
4.40231
4.3644
4.31074
4.27581
4.2263
4.21451
4.18199
4.17187
4.16217
4.151
4.1221
4.11065
4.09928
4.08603
4.05412
4.05584
4.02988
3.99983
3.98556
3.97237
3.96052
3.92827
3.89857
3.85945
3.83125
3.81413
3.79815
3.78748
3.76803
3.75829
3.74627
3.7351
3.72222
3.7084
3.69285
3.67857
3.69569
3.68484
3.70448
3.69313
3.68283
3.67556
3.66642
3.65895
3.65219
3.61153
3.59901
3.5932
3.58631
3.58377
3.57588
3.56997
3.56422
3.55844
3.54967
3.54431
3.53843
3.53008
3.52518
3.54239
3.53911
3.53653
3.53941
3.53481
3.538
3.54273
3.51725
3.51363
3.47988
3.48112
3.48857
3.48732
3.50002
3.50185
3.51546
3.533
3.55405
3.57656
3.60349
3.62982
3.6427
3.6589
3.66325
3.69166
3.7195
3.72381
3.7274
3.72977
3.76151
3.76181
3.781
3.79928
3.80365
3.81264
3.81229
3.81202
3.81504
3.81898
3.82114
3.82291
3.80692
3.80081
3.80349
3.79258
3.76979
3.74203
3.71198
3.68159
3.64858
3.61244
3.59557
3.57285
3.56112
3.52422
3.48938
3.4792
3.46783
3.45633
3.41658
3.38345
3.35667
3.33078
3.31737
3.30978
3.30605
3.29323
3.27565
3.26754
3.25867
3.24713
3.24413
3.24148
3.218
3.2198
3.21879
3.22132
3.22122
3.22343
3.22207
3.22303
3.21961
3.22658
3.22666
3.23925
3.25414
3.2659
3.26815
3.27238
3.27945
3.28281
3.28864
3.29366
3.29358
3.29133
3.28651
3.29097
3.29686
3.29994
3.30572
3.32913
3.33549
3.34173
3.34613
3.35234
3.35892
3.36342
3.38921
3.41057
3.41653
3.42214
3.42932
3.43018
3.43839
3.43492
3.42853
3.42351
3.43132
3.43837
3.44199
3.44897
3.45193
3.45668
3.46262
3.47171
3.47839
3.48464
3.5186
3.52585
3.53189
3.52098
3.52666
3.53116
3.53821
3.54237
3.55133
3.55696
3.545
3.53468
3.54081
3.58799
3.59313
3.60063
3.60578
3.61181
3.61804
3.62632
3.63189
3.65956
3.69283
3.72315
3.73157
3.73773
3.74272
3.78351
3.79011
3.79274
3.7666
3.76731
3.77307
3.77395
3.78097
3.78351
3.7851
3.78978
3.78708
3.79023
3.79737
3.79832
3.80638
3.79631
3.80494
3.83125
3.83038
3.83641
3.84221
3.84056
3.84821
3.83351
3.81177
3.78548
3.78351
3.78941
3.79658
3.7657
3.76239
3.77115
3.77357
3.77939
3.77753
3.77965
3.77415
3.80643
3.81635
3.84224
3.84225
3.83948
3.83234
3.83023
3.82041
3.78907
3.7788
3.75048
3.7479
3.73899
3.72905
3.72793
3.71568
3.70421
3.69246
3.68571
3.68025
3.66637
3.65614
3.65371
3.66424
3.64988
3.64118
3.63066
3.62143
3.61368
3.60885
3.57023
3.55481
3.52167
3.51598
3.51288
3.50691
3.50328
3.50026
3.49705
3.4925
3.48737
3.48426
3.49277
3.50216
3.49716
3.50781
3.50609
3.50487
3.50585
3.50533
3.50708
3.50429
3.49453
3.47805
3.48157
3.487
3.48917
3.49292
3.49528
3.49886
3.50323
3.50518
3.5059
3.5076
3.51667
3.51994
3.5408
3.54286
3.54405
3.5492
3.54961
3.55254
3.54424
3.53525
3.54053
3.53347
3.53748
3.54291
3.54783
3.55258
3.55596
3.5595
3.56217
3.56504
3.56605
3.59206
3.61712
3.63231
3.63782
3.63672
3.635
3.63454
3.63573
3.63603
3.63359
3.63258
3.61298
3.61079
3.60934
3.60402
3.60447
3.60109
3.5956
3.59496
3.58954
3.58013
3.57303
3.59429
3.58665
3.58046
3.57199
3.56904
3.5672
3.5608
3.5525
3.52881
3.49929
3.47861
3.47728
3.47405
3.47162
3.47838
3.47321
3.48078
3.4729
3.46907
3.46854
3.46798
3.49297
3.52122
3.53272
3.53464
3.54925
3.55984
3.57229
3.58051
3.58682
3.57545
3.58176
3.59925
3.6077
3.62499
3.62556
3.63251
3.64182
3.63987
3.64679
3.65571
3.67006
4.11052
4.12517
4.15033
4.16708
4.16738
4.19135
4.21835
4.22812
4.24047
4.22743
4.21603
4.21866
4.23526
4.24029
4.24774
4.25795
4.30088
4.34852
4.38631
4.41045
4.42643
4.4734
4.54387
4.58612
4.65056
4.68572
4.74193
4.78027
4.83211
4.85262
4.45687
4.48379
4.50741
4.53669
4.58292
4.60216
4.63031
4.6729
4.69691
4.72801
4.74516
4.75481
4.75894
4.76331
4.81
4.82156
4.84107
4.81076
4.78007
4.777
4.76725
4.76679
4.70067
4.68658
4.64207
4.62333
4.6016
4.60621
4.5919
4.59832
4.58046
4.59315
4.58821
4.60057
4.57203
4.59323
4.57235
4.59057
4.61545
4.64011
4.64423
4.68816
4.70681
4.75211
4.75627
4.79193
4.76789
4.79158
4.81267
4.83521
4.85247
4.85537
4.88057
4.89942
4.91928
4.95884
5.05079
5.12739
5.18745
5.23726
5.26141
5.26928
5.28324
5.29628
5.33695
5.3306
5.35073
5.32346
5.30313
5.27718
5.28706
5.25879
5.25445
5.22603
5.18141
5.14073
5.11667
5.10372
5.10636
5.07332
5.07016
5.03464
4.99278
4.96088
4.9276
4.88794
4.7739
4.66879
4.58314
4.49289
4.46486
4.40984
4.34858
4.29821
4.23487
4.19936
4.15245
4.11427
4.09206
4.07936
4.03876
4.02793
4.02769
4.00303
3.98105
3.95833
3.95245
3.92697
3.89655
3.89782
3.87741
3.86483
3.87463
3.86337
3.85797
3.84059
3.83572
3.83537
3.83624
3.83447
3.82981
3.85518
3.8836
3.89515
3.90828
3.89271
3.90598
3.90428
3.88849
3.86331
3.87501
3.84846
3.83017
3.83171
3.83268
3.84304
3.84571
3.84397
3.845
3.84273
3.83121
3.84218
3.84676
3.85037
3.85278
3.85288
3.8551
3.84334
3.8384
3.83555
3.83468
3.80594
3.78673
3.76191
3.75925
3.75639
3.75388
3.75527
3.75827
3.75957
3.74559
3.77303
3.76355
3.77936
3.81031
3.79952
3.79966
3.81285
3.81496
3.81894
3.81894
3.80956
3.79554
3.79151
3.79256
3.80894
3.80339
3.80705
3.81195
3.82122
3.81552
3.82382
3.8379
3.8549
3.8613
3.8821
3.90781
3.91529
3.92707
3.92984
3.94218
3.92958
3.94616
3.92193
3.89246
3.89517
3.88781
3.8882
3.88659
3.88578
3.88825
3.89852
3.91129
3.92336
3.92413
3.9235
3.95733
3.95915
3.9533
3.95673
3.96181
3.97721
3.95744
3.95771
3.96059
3.96172
3.92749
3.93839
3.92818
3.92965
3.92211
3.92513
3.91901
3.92934
3.92975
3.92741
3.92416
3.92715
3.92615
3.94261
3.96992
3.95994
3.94903
3.93805
3.93628
3.92608
3.8909
3.89071
3.88767
3.88058
3.87289
3.85618
3.85622
3.84176
3.82588
3.80888
3.809
3.79356
3.79266
3.81665
3.84353
3.82924
3.84812
3.83724
3.837
3.83631
3.83795
3.82692
3.82102
3.79745
3.77414
3.7747
3.77608
3.77988
3.784
3.78304
3.78615
3.78405
3.78502
3.7901
3.8087
3.81032
3.81157
3.81543
3.81789
3.81837
3.81916
3.81858
3.8207
3.79484
3.76703
3.76835
3.73747
3.74087
3.74232
3.74408
3.74792
