99.6642
60.5018
46.894
40.1055
36.0453
33.2609
31.2787
29.7814
28.6414
27.7231
26.9628
26.3363
25.8014
25.3617
24.9592
24.641
24.3502
24.1051
23.9043
23.7103
23.5133
23.3182
23.145
23.0003
22.8619
22.7345
22.6042
22.4852
22.374
22.2809
19.6071
19.537
19.5304
19.5145
19.4991
19.5005
19.5037
19.5085
19.5054
19.5313
19.5445
19.6008
19.6095
19.6075
19.6156
19.6023
19.5968
19.575
19.5458
19.5257
19.5182
19.5233
19.5234
19.5131
19.5079
19.5074
19.5243
19.5238
19.5124
19.4902
19.498
19.5164
19.5208
19.512
19.5078
19.4973
19.4976
19.4808
19.4633
19.4172
19.3927
19.3143
19.2967
19.2739
19.2585
19.2466
19.2388
19.2325
19.2289
19.2194
19.2206
19.2427
19.2475
19.2616
19.2611
19.2441
19.238
19.2348
19.2375
19.2472
19.2233
19.202
19.1866
19.195
19.2095
19.2093
19.1935
19.204
19.2086
19.2215
19.226
19.237
19.2399
19.2671
19.2919
19.2994
19.2956
19.2979
19.2886
19.2832
19.2717
19.2457
19.2438
19.2306
19.2223
19.231
19.2281
19.2458
19.2668
19.2752
19.2926
19.3027
19.3084
19.3139
19.336
19.3715
19.3908
19.4126
19.4307
19.434
19.436
19.4441
19.452
19.4323
19.4195
19.4243
19.4283
19.4599
19.4647
19.4752
19.4765
19.4799
19.4754
19.4742
19.4784
19.4777
19.4887
19.4975
19.5032
19.5018
19.4863
19.4774
19.4736
19.4693
19.4399
19.4059
19.3934
19.3755
19.372
19.378
19.3777
19.3737
19.3673
19.374
19.3703
19.3623
19.3597
19.3629
19.3895
19.4082
19.4324
19.4178
19.4046
19.3946
19.3901
19.3821
19.3593
19.3371
19.3043
19.2991
19.3042
19.307
19.3051
19.2987
19.2807
19.2869
19.2836
19.2705
19.2527
19.2659
19.2928
19.2972
19.2947
19.2993
19.2948
19.2964
19.2911
19.2524
19.223
19.2065
19.191
19.1994
19.2136
19.2248
19.233
19.2355
19.2418
19.2383
19.2505
19.2494
19.2734
19.2933
19.3151
19.334
19.3468
19.3396
19.3446
19.3515
19.3658
19.3514
19.3231
19.3272
19.33
19.3214
19.3245
19.3254
19.3359
19.3554
19.3771
19.3841
19.394
19.3997
19.4319
19.4619
19.4944
19.548
19.5591
19.5758
19.5883
19.5974
19.5911
19.5839
19.5717
19.5654
19.5683
19.5868
19.5995
19.617
19.6259
19.6322
19.6497
19.6567
19.6721
19.7122
19.7845
19.8111
19.8249
19.8221
19.8282
19.8271
19.8251
19.8357
19.8262
19.8084
19.7919
19.7549
19.7596
19.7647
19.767
19.779
19.7791
19.7857
19.8005
19.8053
19.8144
19.8418
19.8666
19.8962
19.9079
19.9052
19.8967
19.8919
19.8836
19.86
19.799
19.7831
19.772
19.7804
19.7629
19.761
19.7542
19.7496
19.7266
19.7209
19.7132
19.707
19.7124
19.7204
19.7279
19.7334
19.7265
19.7077
19.6968
19.6848
19.6838
19.6471
19.617
19.5745
19.5793
19.5741
19.579
19.577
19.5805
19.5716
19.5709
19.5671
19.5716
19.5714
19.6133
19.654
19.688
19.7006
19.7168
19.7287
19.7338
19.7523
19.752
19.7463
19.7461
19.7506
19.7675
19.7901
19.8014
19.8321
19.8512
19.8691
19.8855
19.9163
19.9104
19.9621
20.0055
20.0515
20.0955
20.1292
20.1478
20.1828
20.2154
20.2288
20.2254
20.2247
20.2159
20.2237
20.2318
20.241
20.2535
20.2686
20.2807
20.2965
20.3142
20.3241
20.3425
20.3775
20.4128
20.4423
20.444
20.4757
20.4977
20.5067
20.5365
20.5183
20.5125
20.5134
20.5284
20.5362
20.541
20.5342
20.522
20.5241
20.5159
20.5065
20.5173
20.5346
20.5746
20.5944
20.6186
20.691
20.7008
20.6958
20.7096
20.6998
20.6865
20.6481
20.6223
20.5887
20.5805
20.5622
20.5512
20.5618
20.5308
20.5195
20.5013
20.4608
20.4082
20.3838
20.3895
20.4397
20.4609
20.4508
20.4524
20.447
20.4359
20.4276
20.3915
20.3754
20.3517
20.2642
20.2524
20.2525
20.2422
20.2491
20.2493
20.2628
20.2729
20.2799
20.2857
20.3153
20.3346
20.3409
20.3787
20.389
20.4281
20.4497
20.468
20.4771
20.4763
20.427
20.4067
20.4195
20.4149
20.4165
20.4546
20.4523
20.4664
20.4618
20.4696
20.4809
20.4784
20.5024
20.5048
20.5109
20.5124
20.5078
20.4848
20.4775
20.4723
20.4313
20.4068
20.3778
20.3562
20.3514
20.3156
20.3144
20.3059
20.3051
20.2964
20.2903
20.2936
20.2877
20.3181
20.3391
20.3273
20.342
20.3261
20.3231
20.315
20.3127
20.3114
20.2764
20.2634
20.2526
20.2602
20.2628
20.2755
20.2786
20.2806
20.2887
20.2881
20.2911
20.2802
20.2866
20.3105
20.3755
20.4339
20.4504
20.4562
20.4677
20.4719
20.4823
20.4687
20.455
20.4445
20.4428
20.4682
20.5009
20.5442
20.5855
20.638
20.6937
20.7441
20.7977
20.859
20.9501
21.0472
21.1415
21.2415
21.2996
21.3709
21.4214
21.4775
21.5259
21.5485
21.5345
21.5391
21.5666
21.6135
21.6583
21.6997
21.7452
21.7729
21.8173
21.8506
21.8891
21.9241
21.9604
21.9799
21.9955
21.9853
21.9848
21.9797
21.961
21.9343
21.8751
21.7985
21.7239
21.6283
21.5742
21.5055
21.4562
21.3971
21.3306
21.2668
21.2302
21.151
21.0954
21.042
21.0018
20.9408
20.8643
20.8027
20.7258
20.6574
20.5839
20.5039
20.4206
20.3345
20.2649
20.2071
20.1444
20.0864
20.0383
19.9796
19.9556
19.9172
19.8841
19.8644
19.8632
19.8606
19.857
19.8597
19.8472
19.8352
19.8167
19.8115
19.7917
19.7658
19.718
19.7015
19.6856
19.6742
19.6695
19.6605
19.658
19.6556
19.6421
19.6422
19.6232
19.6114
19.6297
19.6288
19.6429
19.6266
19.5974
19.5813
19.5658
19.5495
19.5229
19.4933
19.4688
19.4516
19.4584
19.4602
19.448
19.4593
19.4763
19.4891
19.5097
19.5376
19.5762
19.6264
19.696
19.7634
19.8198
19.861
19.9156
19.9522
19.9962
20.0478
20.0537
20.0809
20.0851
20.1392
20.1718
20.2278
20.2735
20.3598
20.3912
20.4429
20.4751
20.5023
20.5211
20.5623
20.5895
20.6185
20.6044
20.5935
20.5676
20.5148
20.4636
20.3961
20.2992
20.2036
20.1209
20.0558
19.9798
19.9201
19.8527
19.7789
19.7172
19.6533
19.598
19.5297
19.4851
19.4247
19.3761
19.2945
19.238
19.1701
19.1101
19.0538
18.9961
18.9279
18.8628
18.798
18.774
18.7498
18.7333
18.736
18.7423
18.7426
18.7548
18.7713
18.7748
19.2278
19.2606
19.2827
19.3045
19.3171
19.3312
19.3478
19.3535
19.3578
19.3507
19.3519
19.3418
19.333
19.3415
19.3504
19.3602
19.3759
19.395
19.4091
19.4291
19.4443
19.4736
19.52
19.6059
19.6477
19.6605
19.7104
19.7461
19.7607
19.7934
19.4001
19.4011
19.399
19.4087
19.4293
19.4483
19.4537
19.471
19.4898
19.4993
19.5825
19.65
19.6667
19.7048
19.7398
19.7807
19.8091
19.8222
19.8363
19.8469
19.8643
19.8711
19.8544
19.8057
19.8033
19.8264
19.8052
19.7983
19.8129
19.8067
19.8027
19.8035
19.8194
19.8234
19.8341
19.8645
19.9022
19.9219
19.9349
19.9567
19.8992
19.8745
19.8767
19.8642
19.8677
19.87
19.8966
19.9297
19.9513
19.9571
19.9709
19.9797
19.988
19.9971
20.003
20.0045
20.0388
20.068
20.0906
20.1077
20.1068
20.1172
20.1244
20.1355
20.1339
20.1211
20.1054
20.1255
20.1338
20.1545
20.1706
20.17
20.1877
20.1996
20.202
20.2007
20.1688
20.1587
20.1734
20.2157
20.2355
20.2439
20.2419
20.2408
20.244
20.2438
20.2227
20.1978
20.1818
20.1643
20.1462
20.1422
20.1606
20.1454
20.1597
20.2085
20.2167
20.1965
20.1807
20.1498
20.1281
20.1669
20.1555
20.1424
20.1275
20.1109
20.1029
20.0848
20.0737
20.0583
20.0269
19.9936
19.9742
19.971
19.9424
19.9329
19.9556
19.9385
19.9204
19.9117
19.9218
19.9283
19.9182
19.9784
19.9468
19.8756
19.8506
19.8328
19.8396
19.8306
19.8491
19.7909
19.8033
19.8056
19.8018
19.8019
19.8032
19.8016
19.7908
19.7656
19.7722
19.8022
19.8455
19.8709
19.9262
19.9301
19.8986
19.9115
19.9421
19.963
19.9523
19.9516
19.9407
19.9031
19.9367
19.9549
19.9717
19.9944
19.9986
20.0197
20.0113
20.0334
20.0371
20.0768
20.1259
20.1845
20.2006
20.2104
20.2194
20.2301
20.2416
20.2446
20.2286
20.2085
20.1804
20.1923
20.1949
20.2156
20.2129
20.2159
20.2328
20.2436
20.2535
20.2617
20.2997
20.3511
20.3925
20.4196
20.4315
20.444
20.4598
20.4557
20.4635
20.4408
20.4177
20.3749
20.3716
20.374
20.3679
20.3701
20.3816
20.3841
20.3893
20.3978
20.4022
20.4044
20.4405
20.4528
20.4711
20.4844
20.4797
20.4885
20.4937
20.4896
20.4604
20.4292
20.3995
20.3909
20.399
20.4067
20.4263
20.4654
20.473
20.5046
20.5042
20.5256
20.5538
20.6085
20.6456
20.6956
20.7072
20.7375
20.7703
20.8011
20.8211
20.8555
20.8621
20.8724
20.892
20.9106
20.9533
20.9893
21.0281
21.0843
21.1222
21.165
21.2266
21.305
21.381
21.4941
21.5839
21.71
21.8289
21.9515
22.0965
22.2581
22.3997
22.5334
22.6675
22.7938
22.9487
23.1158
23.2564
23.3882
23.5194
23.6517
23.7666
23.8679
23.9633
24.0512
24.1582
24.2504
24.3278
24.3636
24.3806
24.3743
24.3624
24.3444
24.3349
24.2513
24.1952
24.0898
24.0074
23.9165
23.8503
23.7379
23.6438
23.5363
23.4373
23.3503
23.2397
23.1182
23.0364
22.981
22.9256
22.8373
22.7605
22.7244
22.6762
22.6666
22.6153
22.5835
22.5561
22.5856
22.6277
22.7195
22.8052
22.8566
22.928
23.0053
23.1107
23.1855
23.3227
23.4517
23.5722
23.697
23.7887
23.8916
23.9977
24.0739
24.1732
24.2657
24.3431
24.4017
24.4645
24.5497
24.6351
24.6704
24.7099
24.7111
24.7064
24.678
24.6677
24.6145
24.5998
24.5288
24.4427
24.3643
24.2558
24.1859
24.0729
23.9824
23.8333
23.6796
23.5116
23.3615
23.2394
23.1009
22.9726
22.8513
22.7153
22.5852
22.4541
22.315
22.2675
22.1293
22.0227
21.9321
21.8347
21.7375
21.6674
21.5996
21.5759
21.5238
21.4451
21.3898
21.3562
21.3327
21.3156
21.2742
21.2323
21.2019
21.1699
21.1437
21.1259
21.0901
21.0552
21.0497
21.0314
21.0235
21.0339
21.0074
20.9889
20.9817
20.8885
20.8837
20.8566
20.834
20.8314
20.8369
20.8373
20.8372
20.7983
20.7969
20.7991
20.8011
20.803
20.8017
20.8024
20.8342
20.8957
20.9317
20.9653
20.9838
20.9843
21.0022
21.02
21.0153
21.014
20.9958
20.9763
20.9754
20.9804
20.9781
20.9724
20.9691
20.9608
20.9632
20.9437
20.938
20.9537
20.9788
20.9888
20.993
20.9927
20.9922
21.0011
20.9947
20.9798
20.9657
20.9087
20.8778
20.8548
20.8289
20.8232
20.8162
20.8151
20.8051
20.8006
20.8054
20.8159
20.8507
20.8745
20.9107
20.935
20.938
20.9463
20.9656
20.9868
21.0037
20.9858
20.9799
20.9637
20.9621
20.9873
21.0521
21.0801
21.098
21.1425
21.1562
21.1733
21.1871
21.2091
21.3177
21.3511
21.3863
21.4041
21.4318
21.4776
21.4904
21.4962
21.4864
21.4758
21.4633
21.4595
21.4853
21.501
21.4983
21.5217
21.5429
21.5685
21.6101
21.6685
21.7233
21.7253
21.6998
21.7092
21.7392
21.7478
21.7238
21.7282
21.7638
21.7666
21.6782
21.6473
21.6047
21.6209
21.5987
21.5543
21.5715
21.5637
21.5394
21.5199
21.5095
21.4948
21.9007
21.9003
21.9101
21.8794
21.8913
21.8516
21.8016
21.7284
21.6551
21.6226
21.578
21.5114
21.4419
21.3792
21.3637
21.3249
21.2633
21.2269
21.2055
21.2027
21.2037
21.1632
21.1892
21.2049
21.1877
21.1756
21.1793
21.1851
21.1669
21.153
20.7149
20.6872
20.6508
20.6374
20.5822
20.59
20.5754
20.5874
20.6027
20.59
20.581
20.5831
20.5821
