805.57
435.185
311.377
248.848
210.653
185.879
168.212
154.104
143.182
134.421
127.233
121.234
116.16
111.842
108.102
104.889
102.005
99.412
97.0975
95.0156
93.1419
91.4528
89.8965
88.4661
87.1519
85.9321
84.8035
83.75
82.7985
81.8845
56.8752
56.5621
56.283
56.0845
56.008
55.793
55.5628
55.5654
55.5537
55.5614
55.5636
55.5695
55.5751
55.5808
55.5679
55.526
55.5075
55.5071
55.5064
55.5071
55.5163
55.493
55.4808
55.4776
55.4767
55.4734
55.4704
55.5147
55.4955
55.4959
55.4964
55.4971
55.4968
55.497
55.5037
55.497
55.5086
55.5067
55.5112
55.5041
55.5033
55.4984
55.4988
55.4979
55.4967
55.4954
55.4984
55.5007
55.5052
55.5021
55.4926
55.5014
55.5055
55.5126
55.5182
55.5253
55.5261
55.4851
55.5113
55.5083
55.5084
55.5076
55.5083
55.5075
55.4942
55.5078
55.4947
55.5
55.4971
55.497
55.5329
55.5374
55.5326
55.5361
55.5345
55.5335
55.5358
55.5384
55.5307
55.5334
55.5323
55.5257
55.5253
55.516
55.5056
55.5428
55.5404
55.54
55.5284
55.5305
55.535
55.5373
55.5346
55.5367
55.5373
55.5323
55.5415
55.5525
55.5494
55.551
55.5141
55.5196
55.5226
55.5097
55.5114
55.5143
55.5128
55.5104
55.5118
55.5102
55.51
55.5127
55.5127
55.5117
55.5175
55.4826
55.4844
55.4876
55.5093
55.5128
55.5091
55.5087
55.5116
55.5145
55.5165
55.5263
55.5344
55.5197
55.5213
55.5187
55.5196
55.5135
55.5133
55.5096
55.5101
55.5055
55.5114
55.5147
55.5164
55.5323
55.5541
55.5551
55.5575
55.559
55.5739
55.5692
55.5727
55.57
55.5244
55.5219
55.5205
55.5179
55.514
55.5087
55.501
55.4948
55.4791
55.4777
55.4736
55.4794
55.4777
55.4799
55.482
55.478
55.4776
55.4787
55.4719
55.4722
55.4706
55.4538
55.4353
55.4308
55.425
55.4241
55.4709
55.4709
55.4673
55.4714
55.4765
55.4735
55.4782
55.4794
55.48
55.4823
55.4861
55.5053
55.518
55.5345
55.5364
55.5338
55.5365
55.5337
55.5354
55.5366
55.5429
55.5487
55.5499
55.5551
55.5635
55.6052
55.6187
55.6209
55.6285
55.629
55.5732
55.5716
55.5724
55.5724
55.5704
55.5747
55.5832
55.584
55.5914
55.5946
55.5973
55.5934
55.5895
55.5791
55.5855
55.58
55.59
55.6145
55.6256
55.6269
55.6242
55.6393
55.6957
55.6945
55.7311
55.7088
55.7047
55.7408
55.7428
55.7503
55.7848
55.7903
55.826
55.8474
55.8675
55.9085
55.9044
55.9081
55.9657
55.9736
56.0158
56.0185
56.0174
56.0666
56.0906
56.1287
56.1288
56.1077
56.1396
56.1513
56.1553
56.1597
56.1255
56.1261
56.1463
56.1336
56.1495
56.1381
56.1381
56.1903
56.1704
56.2101
56.1797
56.1852
56.2017
56.1641
56.166
56.2118
56.1543
56.1564
56.1825
56.1605
56.2012
56.1592
56.1469
56.1175
56.1098
56.1128
56.0802
56.07
56.0722
56.1112
56.1057
56.1574
56.1052
56.1109
56.1363
56.1175
56.1625
56.1552
56.1374
56.1251
56.1236
56.0967
56.1245
56.127
56.1784
56.1371
56.1388
56.1773
56.143
56.179
56.1825
56.1861
56.1737
56.1722
56.1788
56.2455
56.2318
56.2725
56.2998
56.2386
56.2497
56.2221
56.2211
56.2639
56.2071
56.2504
56.254
56.2036
56.2394
56.2104
56.2267
56.2679
56.2063
56.244
56.2346
56.2314
56.2531
56.2299
56.2043
56.2227
56.1768
56.2096
56.2429
56.2447
56.2839
56.235
56.2393
56.2409
56.2113
56.2591
56.2568
56.231
56.2715
56.2242
56.2273
56.2418
56.1977
56.2348
56.2185
56.2188
56.2165
56.1776
56.1857
56.1694
56.1337
56.1782
56.2147
56.2001
56.2283
56.1858
56.2269
56.1911
56.158
56.1976
56.1666
56.1587
56.1993
56.1605
56.1613
56.1651
56.146
56.1772
56.1573
56.1548
56.1851
56.1294
56.1404
56.144
56.1176
56.1735
56.162
56.161
56.1782
56.1743
56.1669
56.1803
56.1211
56.1714
56.1501
56.1369
56.1194
56.1231
56.1253
56.1308
56.1367
56.1693
56.1438
56.1439
56.1951
56.1537
56.2008
56.2115
56.193
56.2158
56.1983
56.2082
56.2572
56.2249
56.2664
56.2381
56.2368
56.2744
56.2573
56.2437
56.2871
56.2292
56.2746
56.2547
56.2453
56.3035
56.2919
56.313
56.32
56.2746
56.2812
56.2374
56.2304
56.27
56.2232
56.2596
56.246
56.2125
56.2425
56.2213
56.2078
56.2619
56.1966
56.2276
56.2166
56.667
56.6688
56.6486
56.6438
56.6871
56.6419
56.6399
56.652
56.6219
56.6216
56.5838
56.5898
56.5585
56.5615
56.5595
56.5759
56.5797
56.5715
56.5785
56.5905
56.5468
56.5347
56.5721
56.5373
56.5705
56.5845
56.5597
56.5744
56.5432
56.5583
56.0833
56.0863
56.1136
56.114
56.1039
56.1542
56.1598
56.1093
56.1024
56.1052
56.1394
56.1384
56.1849
56.1892
56.2029
56.2024
56.2083
56.2139
56.21
56.2004
56.2404
56.2265
56.1853
56.2185
56.2043
56.2433
56.254
56.2401
56.2748
56.2516
56.2568
56.3037
56.2657
56.3033
56.2837
56.2417
56.2807
56.2809
56.3279
56.3376
56.3016
56.3232
56.2888
56.2786
56.2793
56.251
56.2569
56.3044
56.2753
56.3165
56.297
56.3157
56.3226
56.3048
56.3446
56.3465
56.3065
56.3201
56.2921
56.2857
56.3244
56.2815
56.3217
56.2906
56.2746
56.2742
56.2508
56.2473
56.2557
56.2575
56.2917
56.2645
56.2615
56.3009
56.2846
56.2793
56.3126
56.2653
56.2993
56.263
56.246
56.2668
56.2591
56.244
56.245
56.2002
56.2366
56.2296
56.234
56.2264
56.1885
56.1825
56.1965
56.1924
56.2259
56.2435
56.226
56.2633
56.2101
56.2049
56.2093
56.1982
56.2214
56.2306
56.2278
56.2587
56.2327
56.2315
56.2299
56.2198
56.2721
56.2504
56.2699
56.2707
56.2246
56.2195
56.1911
56.1885
56.2146
56.236
56.2364
56.2662
56.2089
56.2115
56.2085
56.1951
56.1963
56.1985
56.1984
56.2382
56.2181
56.2199
56.2262
56.1774
56.1816
56.1869
56.1683
56.2062
56.184
56.1804
56.1948
56.1714
56.1496
56.2025
56.2103
56.2422
56.2231
56.2295
56.2368
56.2169
56.2116
56.2237
56.217
56.2553
56.2617
56.2672
56.3143
56.2707
56.2805
56.2705
56.2356
56.2752
56.2699
56.2593
56.2809
56.2906
56.2905
56.2944
56.2705
56.341
56.2996
56.3009
56.3955
56.3497
56.4037
56.4098
56.4887
56.5782
56.6003
56.6745
56.7558
56.7136
56.7208
56.7132
56.6823
56.6691
56.65
56.6527
56.6553
56.6663
56.6648
56.6617
56.6533
56.6583
56.6702
56.6331
56.6344
56.6306
56.6375
56.6142
56.6301
56.6324
56.5933
56.584
56.5443
56.5332
56.4816
56.3823
56.3158
56.2379
56.2104
56.2102
56.2484
56.2505
56.251
56.2757
56.247
56.2704
56.2943
56.2457
56.2769
56.2913
56.2681
56.3155
56.2764
56.2651
56.3061
56.2712
56.2984
56.271
56.233
56.2562
56.2131
56.2147
56.2165
56.1877
56.2202
56.2213
56.2268
56.2571
56.2034
56.2027
56.2036
56.1658
56.2019
56.219
56.217
56.2257
56.2124
56.2123
56.1918
56.1605
56.1591
56.1472
56.1534
56.1923
56.1797
56.1802
56.187
56.1825
56.1799
56.1756
56.1684
56.1695
56.1924
56.1869
56.1619
56.1972
56.1911
56.2059
56.2087
56.2095
56.2086
56.2181
56.2086
56.1668
56.1698
56.1768
56.1742
56.1746
56.1984
56.2152
56.2253
56.2277
56.2249
56.2225
56.2331
56.2246
56.2183
56.2055
56.2031
56.1953
56.202
56.204
56.2038
56.2096
56.2154
56.2245
56.2184
56.2118
56.2253
56.2272
56.2432
56.2457
56.2565
56.2951
56.3054
56.2893
56.2785
56.2811
56.2844
56.2497
56.2817
56.2618
56.262
56.2502
56.2479
56.2507
56.2495
56.2525
56.2959
56.3006
56.3089
56.3407
56.2851
56.3042
56.2975
56.2576
56.261
56.2512
56.2312
56.2646
56.2267
56.2161
56.2044
56.1643
56.2103
56.1924
56.1818
56.207
56.1902
56.1937
56.1793
56.1677
56.1664
56.1814
56.1428
56.1828
56.1845
56.1819
56.1565
56.1559
56.1347
56.1406
56.1332
56.1576
56.1657
56.1573
56.195
56.1657
56.17
56.1909
56.1831
56.219
56.1856
56.185
56.1699
56.1644
56.1666
56.1798
56.1606
56.2006
56.2101
56.2034
56.2634
56.2195
56.2482
56.2474
56.2181
56.2187
56.2186
56.1993
56.2569
56.2162
56.2641
56.2336
56.1974
56.2406
56.2052
56.2076
56.2509
56.1965
56.242
56.2082
56.2099
56.222
56.177
56.1789
56.2229
56.1901
56.223
56.2221
56.1836
56.2229
56.161
56.1622
56.1718
56.13
56.1677
56.1925
56.1899
56.2315
56.1759
56.1742
56.1938
56.1853
56.2184
56.2251
56.2262
56.2794
56.2335
56.276
56.2277
56.224
56.2593
56.2616
56.2989
56.2978
56.2513
56.2858
56.2538
56.2125
56.2611
56.223
56.2283
56.2715
56.2454
56.29
56.2544
56.2335
56.2648
56.2189
56.2174
56.2722
56.2064
56.2296
56.2264
56.1835
56.2082
56.1535
56.1537
56.1932
56.1929
56.2316
56.196
56.1869
56.1858
56.1889
56.2541
56.2523
56.2537
56.2969
56.2583
56.3033
56.3056
56.2672
56.3126
56.312
56.3114
56.3746
56.3401
56.3768
56.3834
56.3482
56.3632
56.3405
56.3503
56.3974
56.3735
56.415
56.4269
56.3993
56.4085
56.3855
56.4433
56.4632
56.4656
56.5074
56.5048
56.4681
56.4782
56.4886
56.5229
56.4932
56.5431
56.5581
56.5531
56.5567
56.5604
56.5523
56.5482
56.5534
56.5576
56.5402
56.5766
56.5731
56.5338
56.5281
56.5644
56.5662
56.6139
56.6066
56.6009
56.6006
56.5813
56.5672
56.5425
56.5831
56.5751
56.6179
56.6337
56.6286
56.6407
56.6316
56.6097
56.6148
56.6242
56.6475
56.6744
56.6471
56.6577
56.6657
56.723
56.7459
56.7546
56.7723
56.8094
56.7817
56.7954
56.7789
56.7487
56.7483
56.7696
56.8112
56.8261
56.8322
56.8322
56.7703
56.7696
56.7732
56.7526
56.7374
56.6873
56.7272
56.7115
56.6859
56.6537
56.5938
56.561
56.57
56.5566
56.5513
56.53
56.508
56.5019
56.4888
56.4935
56.4781
56.4241
56.4535
56.4592
56.4902
56.5204
56.4829
56.499
56.4954
56.541
56.5546
56.5044
56.495
56.4896
56.4986
56.5022
56.4579
56.4716
56.4753
56.4937
56.4971
56.4932
56.4849
56.4924
56.4766
56.431
56.4271
56.3749
56.3778
56.3341
56.3738
56.3783
56.3287
56.3358
56.2899
56.2271
56.2652
56.1969
56.2416
56.2358
56.2442
56.2453
56.2072
56.2329
56.199
56.194
56.2296
56.2043
56.238
56.1907
56.1784
56.2077
56.1787
56.1718
56.175
56.1777
56.231
56.2664
56.269
56.2902
56.2501
56.3091
56.3479
56.3069
56.3348
56.3343
56.3178
56.3186
56.2745
56.2697
56.262
56.261
56.3108
56.2786
56.3066
56.3493
56.3192
56.3423
56.3066
56.3162
56.3581
56.3283
56.3545
56.3888
56.3603
56.393
56.3419
56.3096
56.3511
56.3267
56.3639
56.3303
56.2789
56.2996
56.2705
56.2735
56.2787
56.2723
56.3213
56.2811
56.2502
56.2794
56.2256
56.2481
56.2434
56.2044
56.2485
56.2357
56.2394
56.2733
56.2339
56.2385
56.2643
56.2434
56.3163
56.2981
56.3025
56.3223
56.2656
56.2991
56.2927
56.2667
56.266
56.2481
56.2585
56.257
56.2143
56.2534
56.2037
56.1986
56.2339
56.2044
56.2052
56.2208
56.1889
56.24
56.1972
56.181
56.2355
56.1958
56.1944
56.2349
56.1877
56.2042
56.1629
56.1462
56.1718
56.1487
56.1488
56.1557
56.1429
56.1729
56.1962
56.2031
56.2035
56.208
56.207
56.2236
56.2142
56.2409
56.223
56.221
56.2418
56.2181
56.2204
56.2256
56.2206
56.2588
56.2352
56.2325
56.2756
56.2483
56.294
56.2602
56.2307
56.2702
56.2393
56.2367
56.2684
56.2694
56.2533
56.2558
56.2332
56.238
56.2525
56.2532
56.261
56.2498
