831.136
421.872
284.328
215.551
174.302
146.821
127.15
112.408
100.954
91.7969
84.3119
78.0516
72.755
68.2138
64.2759
60.8348
57.8008
55.1024
52.6913
50.5169
48.5469
46.7629
45.1334
43.6363
42.2642
40.9936
39.8144
38.7248
37.7063
36.7623
9.38229
9.27541
9.28961
9.29036
9.28875
9.28836
9.29219
9.29487
9.29522
9.28927
9.28229
9.28628
9.29032
9.29679
9.29984
9.30022
9.29874
9.29862
9.29721
9.2978
9.30049
9.33238
9.33678
9.34707
9.35434
9.35684
9.3682
9.36351
9.3622
9.35471
9.33646
9.32729
9.31289
9.30824
9.30417
9.29611
9.29365
9.29185
9.28715
9.28738
9.28522
9.2801
9.27539
9.27779
9.28313
9.29008
9.29172
9.2889
9.28762
9.28851
9.28608
9.25039
9.24518
9.23459
9.22383
9.21893
9.21304
9.21264
9.21507
9.21739
9.21963
9.22356
9.22889
9.23199
9.23715
9.25356
9.26091
9.26601
9.26691
9.26609
9.26472
9.26557
9.28347
9.27541
9.26889
9.25874
9.25596
9.25745
9.25806
9.26304
9.26871
9.26864
9.2645
9.27219
9.26943
9.26964
9.26956
9.28029
9.28827
9.30444
9.30227
9.29981
9.29299
9.29347
9.28999
9.27674
9.27147
9.26578
9.26606
9.26679
9.27137
9.27286
9.25439
9.25253
9.25367
9.25801
9.26043
9.26251
9.26961
9.2714
9.2769
9.27922
9.28083
9.27412
9.27438
9.27593
9.2704
9.26068
9.25324
9.23547
9.2368
9.2368
9.23805
9.23988
9.24089
9.24065
9.23767
9.23833
9.23746
9.24269
9.24719
9.25407
9.26526
9.28995
9.28702
9.28457
9.29306
9.2901
9.27847
9.2683
9.26001
9.27311
9.27115
9.26897
9.27072
9.27232
9.27504
9.27552
9.27387
9.27482
9.27636
9.28721
9.29915
9.31115
9.325
9.32241
9.3255
9.32278
9.32465
9.31627
9.30847
9.30176
9.28977
9.26577
9.26711
9.26584
9.25556
9.25718
9.26155
9.26383
9.26233
9.25005
9.2521
9.26501
9.2715
9.2767
9.27553
9.27285
9.27374
9.27478
9.26999
9.2587
9.24727
9.23186
9.24199
9.24199
9.24062
9.23863
9.23721
9.23938
9.23822
9.23742
9.23938
9.24052
9.24539
9.2577
9.26732
9.27578
9.27847
9.27729
9.27765
9.27451
9.27826
9.26555
9.2585
9.25457
9.25431
9.25618
9.25381
9.25446
9.25948
9.26275
9.26183
9.2626
9.24006
9.24177
9.25069
9.26186
9.27
9.27594
9.27714
9.27692
9.28028
9.27994
9.27508
9.26658
9.25605
9.24745
9.24587
9.24941
9.25145
9.25691
9.25687
9.26031
9.27117
9.27154
9.27418
9.27753
9.29784
9.30863
9.3161
9.31582
9.31948
9.32853
9.33079
9.35483
9.34862
9.34574
9.33942
9.33822
9.3423
9.34323
9.34008
9.34271
9.3437
9.34227
9.34326
9.34363
9.34262
9.35429
9.36158
9.36561
9.37325
9.37315
9.36359
9.36124
9.35909
9.35906
9.34151
9.32958
9.32202
9.32013
9.31592
9.30842
9.30445
9.28196
9.28161
9.27921
9.28089
9.28098
9.28127
9.29117
9.29935
9.30569
9.31156
9.31289
9.31595
9.31522
9.31508
9.30385
9.29542
9.29173
9.28195
9.28286
9.28423
9.28816
9.29824
9.29836
9.30074
9.30539
9.30709
9.31364
9.31908
9.33162
9.34708
9.35642
9.38671
9.38748
9.38647
9.38553
9.38604
9.37911
9.37667
9.37338
9.37145
9.372
9.37322
9.37685
9.38066
9.38424
9.38875
9.38662
9.38796
9.39096
9.39727
9.40544
9.40757
9.417
9.41696
9.4162
9.41513
9.41354
9.41306
9.40349
9.39344
9.38617
9.36232
9.36379
9.36461
9.36884
9.37211
9.37577
9.37774
9.38139
9.38876
9.39155
9.39984
9.40789
9.41436
9.41098
9.40965
9.41005
9.41046
9.40779
9.4035
9.39313
9.38229
9.37607
9.37312
9.37434
9.37324
9.3732
9.37086
9.36944
9.37091
9.36798
9.36122
9.38174
9.38785
9.39195
9.39739
9.39299
9.38857
9.38253
9.37628
9.37534
9.36772
9.35945
9.35135
9.35197
9.35076
9.35087
9.35089
9.35309
9.35238
9.35395
9.35541
9.35425
9.35789
9.3662
9.37787
9.39368
9.41072
9.41316
9.40935
9.41153
9.41821
9.40049
9.39313
9.38589
9.37778
9.38104
9.38148
9.38306
9.38568
9.38578
9.38371
9.38286
9.384
9.38452
9.38515
9.39406
9.40286
9.40712
9.40823
9.4068
9.4086
9.4069
9.41228
9.3995
9.39291
9.38064
9.36712
9.36336
9.36427
9.36443
9.35818
9.35463
9.35817
9.36014
9.35744
9.35488
9.35348
9.36047
9.3633
9.37274
9.37495
9.37597
9.37597
9.37384
9.37443
9.36561
9.36319
9.35878
9.35612
9.35966
9.35816
9.35674
9.34942
9.35367
9.35036
9.3477
9.34752
9.35189
9.35926
9.36758
9.37724
9.38399
9.38239
9.38215
9.38706
9.39213
9.39526
9.38865
9.38299
9.37559
9.37494
9.37911
9.37965
9.38344
9.3853
9.38936
9.38704
9.39308
9.39832
9.40114
9.41484
9.43104
9.44822
9.45399
9.46258
9.47267
9.48056
9.48674
9.48582
9.48575
9.48557
9.48367
9.48962
9.5144
9.51978
9.52234
9.52693
9.53003
9.53397
9.53732
9.544
9.54764
9.56033
9.57044
9.614
9.61577
9.61624
9.61339
9.61396
9.61292
9.60459
9.59715
9.58641
9.58982
9.58479
9.57588
9.56745
9.56584
9.55953
9.55102
9.54326
9.53867
9.53422
9.5171
9.51534
9.51302
9.50742
9.50301
9.4999
9.49225
9.48194
9.47509
9.46044
9.44716
9.40037
9.39406
9.3908
9.38291
9.37552
9.37111
9.36495
9.3602
9.35377
9.343
9.33812
9.34815
9.36494
9.36707
9.36704
9.36723
9.36855
9.36503
9.36019
9.35057
9.36381
9.36318
9.3576
9.35413
9.34698
9.34334
9.34619
9.34258
9.34107
9.34026
9.33903
9.33634
9.3394
9.34962
9.35772
9.36202
9.35962
9.35592
9.35622
9.35549
9.35367
9.33669
9.31448
9.30241
9.3014
9.30063
9.29607
9.29464
9.29723
9.2955
9.27065
9.26377
9.26885
9.26986
9.28203
9.29429
9.30177
9.30809
9.31311
9.31964
9.32379
9.32977
9.32797
9.32369
9.31893
9.31424
9.32067
9.32583
9.32964
9.33141
9.33579
9.34355
9.34905
9.35473
9.35551
9.36246
9.37442
9.38713
9.39696
9.39937
9.40541
9.42748
9.42658
9.42709
9.4192
9.41019
9.39872
9.39402
9.38791
9.3786
9.36929
9.36262
9.35501
9.34619
9.33971
9.3366
9.32924
9.32745
9.32941
9.33014
9.32635
9.31627
9.31066
9.30468
9.30018
9.28718
9.27194
9.26147
9.24629
9.2451
9.23998
9.21199
9.2079
9.20234
9.19715
9.19262
9.19151
9.18787
9.18617
9.19198
9.20113
9.21013
9.21606
9.21622
9.21954
9.21823
9.21786
9.21215
9.20501
9.19815
9.19591
9.20231
9.20414
9.20276
9.20565
9.20725
9.20961
9.20817
9.20847
9.20651
9.21385
9.22877
9.23739
9.25504
9.25586
9.25862
9.26132
9.26485
9.26962
9.26389
9.25965
9.2517
9.27232
9.27638
9.27574
9.27732
9.2815
9.28104
9.27962
9.2822
9.28536
9.28697
9.29619
9.30955
9.31725
9.32202
9.32726
9.33015
9.33442
9.3331
9.32834
9.31831
9.31167
9.29924
9.30689
9.31013
9.31802
9.31953
9.32093
9.32529
9.32794
9.32894
9.3075
9.31226
9.32263
9.34009
9.34959
9.35273
9.35684
9.35792
9.35812
9.35921
9.3519
9.34172
9.33634
9.3387
9.33901
9.33737
9.33789
9.34254
9.34414
9.34835
9.35127
9.35317
9.35319
9.36046
9.36162
9.36928
9.3658
9.36692
9.36925
9.37101
9.37184
9.37235
9.36427
9.34827
9.3368
9.33628
9.33662
9.33961
9.34206
9.33839
9.33892
9.34259
9.34136
9.33943
9.34382
9.35407
9.36251
9.372
9.37026
9.37469
9.3752
9.37802
9.37573
9.36858
9.36563
9.35814
9.35996
9.35937
9.35757
9.35572
9.35322
9.35171
9.35352
9.35625
9.35626
9.35963
9.36391
9.36734
9.37325
9.3744
9.37059
9.368
9.36732
9.36417
9.35638
9.34571
9.33354
9.32156
9.32368
9.31605
9.31548
9.31211
9.3082
9.30532
9.2986
9.29632
9.29131
9.28777
9.2945
9.3007
9.30799
9.30373
9.30181
9.29917
9.29927
9.2936
9.28431
9.27563
9.26711
9.26576
9.26828
9.27166
9.29086
9.29245
9.29446
9.29611
9.29809
9.29788
9.29614
9.30406
9.3103
9.31587
9.32475
9.3269
9.32725
9.32708
9.33113
9.33402
9.32932
9.32747
9.32396
9.32419
9.32537
9.32344
9.32424
9.32766
9.33335
9.33843
9.34297
9.34247
9.34427
9.35001
9.34875
9.35605
9.35703
9.35861
9.36078
9.3637
9.36755
9.36119
9.35377
9.35199
9.34687
9.34968
9.35438
9.35578
9.35962
9.35992
9.3564
9.35238
9.34972
9.3497
9.3595
9.37932
9.38897
9.40601
9.40679
9.40685
9.40632
9.4092
9.41082
9.40752
9.39022
9.38661
9.38684
9.38686
9.39175
9.39236
9.39386
9.39497
9.39673
9.39611
9.40103
9.40421
9.41279
9.42249
9.4301
9.43332
9.43511
9.43937
9.44209
9.44499
9.43981
9.45081
9.44411
9.4323
9.4362
9.43743
9.43762
9.44145
9.44292
9.4413
9.44439
9.44467
9.44619
9.4569
9.46262
9.47234
9.47853
9.4842
9.48765
9.49026
9.48845
9.48799
9.48042
9.47595
9.47038
9.47048
9.47805
9.48115
9.48363
9.49169
9.4942
9.4735
9.48056
9.48514
9.49055
9.50893
9.52776
9.54466
9.55673
9.56844
9.58011
9.59569
9.62832
9.65235
9.66818
9.68466
9.69377
9.71452
9.73213
9.76044
9.78287
9.80303
9.81635
9.82789
9.83782
9.8466
9.85514
9.86903
9.88451
9.89552
9.89602
9.89604
9.89668
9.89532
9.89112
9.87708
9.86203
9.84954
9.83978
9.83124
9.82344
9.81536
9.78958
9.76163
9.74217
9.72081
9.70703
9.68698
9.68348
9.66459
9.65585
9.63906
9.65044
9.64359
9.63785
9.63524
9.62725
9.6196
9.61113
9.60528
9.61049
9.61724
9.63218
9.64099
9.64969
9.65743
9.66554
9.67597
9.68485
9.69826
9.71839
9.73389
9.74928
9.75755
9.77025
9.78512
9.79884
9.81013
9.81107
9.81466
9.81533
9.82829
9.81949
9.82696
9.83308
9.83694
9.84044
9.83792
9.83834
9.8367
9.83349
9.836
9.82506
9.82333
9.81457
9.80275
9.79404
9.77904
9.7693
9.75382
9.73363
9.71785
9.6975
9.68465
9.66875
9.65356
9.63902
9.62652
9.6136
9.60073
9.58715
9.57274
9.56478
9.56071
9.55777
9.55335
9.5425
9.53416
9.52571
9.51563
9.50745
9.49459
9.4811
9.4693
9.46765
9.46652
9.46419
9.46225
9.46327
9.45968
9.4555
9.45078
9.44878
9.46796
9.47393
9.47591
9.48203
9.47917
9.47378
9.47051
9.46847
9.46399
9.45247
9.44186
9.43125
9.42268
9.42157
9.42321
9.42128
9.42231
9.42335
9.42045
9.42122
9.42318
9.41871
9.41906
9.42495
9.43284
9.43799
9.4405
9.44193
9.4416
9.44406
9.4258
9.41684
9.41256
9.40412
9.4036
9.4076
9.41179
9.4152
9.41568
9.42151
9.42424
9.42649
9.43163
9.43501
9.44605
9.455
9.46382
9.47077
9.47227
9.47374
9.47108
9.47342
9.4741
9.46622
9.45744
9.44788
9.44653
9.44674
9.44201
9.43822
9.4367
9.46288
9.46004
9.46017
9.45927
9.4569
9.46142
9.46671
9.47419
9.47348
9.47019
9.47307
9.4712
9.46945
9.45869
9.4518
9.44447
9.43988
9.44034
9.44364
9.44486
9.44365
9.44289
9.44538
9.44596
9.44798
9.4492
9.45508
9.46534
9.47862
9.48969
9.46705
9.46948
9.47248
9.47437
9.47675
9.46957
9.46264
9.45946
9.46147
9.46702
9.46782
9.46823
9.46894
9.46703
9.47105
9.47329
9.47233
9.47361
9.47912
9.48622
9.49534
9.49647
9.49837
9.50121
9.49814
9.4959
9.48872
9.48036
9.46634
9.45407
9.45322
9.45204
9.44685
9.44605
9.44054
9.43757
9.43815
9.43084
9.42624
9.42247
9.42855
9.45763
9.46339
9.46318
9.45573
9.44771
9.44716
9.44372
9.43404
9.42569
9.42249
9.41955
9.41892
9.4184
9.42033
9.42234
9.42598
9.42617
9.42712
9.4325
9.4308
9.43769
9.44803
9.45461
9.47593
9.47669
9.47224
9.47303
9.471
9.46909
9.45901
9.42226
9.40972
9.40906
9.40646
9.40063
9.39564
9.39355
9.39131
9.38649
9.37491
9.37535
