3359.94
1683.3
1124.23
844.688
676.933
565.092
485.201
425.289
378.729
341.452
310.945
285.522
264.012
245.577
229.597
215.617
203.281
192.317
182.518
173.692
165.705
158.446
151.828
145.766
140.197
135.043
130.266
125.832
121.702
117.847
6.05159
6.03172
6.02922
6.02684
6.03071
6.03211
6.03532
6.0397
6.03258
6.03411
6.0388
6.0429
6.04608
6.04908
6.06439
6.08046
6.10085
6.10307
6.09896
6.09771
6.09869
6.09684
6.08754
6.07484
6.05749
6.05096
6.0505
6.04635
6.04382
6.03965
6.03459
6.02926
6.02917
6.0297
6.0299
6.05239
6.06126
6.07393
6.08733
6.09172
6.09153
6.09308
6.09958
6.09734
6.08601
6.07174
6.05275
6.05169
6.05222
6.0504
6.04929
6.04759
6.04722
6.04657
6.04406
6.04502
6.04091
6.04697
6.05463
6.06333
6.06184
6.06304
6.05949
6.05585
6.05283
6.03057
6.02036
6.00563
5.98867
5.98375
5.98268
5.97852
5.97136
5.97278
5.97192
5.97473
5.97628
5.97768
5.98842
6.00229
6.01169
6.0191
6.02156
6.0205
6.01984
6.01666
6.01475
6.00515
5.99481
5.99477
5.9971
5.99823
6.00077
6.00161
6.00026
5.99977
5.99879
5.995
5.99288
5.99927
6.00527
6.0224
6.03803
6.03672
6.03307
6.03088
6.03153
6.03043
6.01643
6.00225
5.99073
5.98249
5.97927
5.9799
5.97885
5.97902
5.98115
5.98189
5.9824
5.97762
5.9785
5.99084
5.99703
6.00612
6.00881
6.00898
6.00987
6.01542
6.01927
6.01229
6.00353
5.98724
5.97142
5.97216
5.97339
5.9701
5.96626
5.96405
5.96393
5.96519
5.96618
5.9662
5.97846
5.99609
6.00518
6.02181
6.02278
6.02337
6.02593
6.02255
6.02317
6.00978
6.00466
5.99632
5.9937
5.99406
6.00008
6.00469
6.00396
6.00264
6.00621
6.00796
6.00831
6.00718
6.01777
6.02899
6.03918
6.03845
6.03934
6.0386
6.03979
6.04081
6.03097
6.01403
6.00658
5.99099
5.99099
5.99071
5.98837
5.98945
5.9922
5.99323
5.99199
5.99371
5.99685
6.00881
6.01582
6.02662
6.04118
6.04144
6.03837
6.03759
6.03623
6.03545
6.02733
6.01769
6.0101
6.01427
6.01628
6.0205
6.02229
6.02607
6.02614
6.02907
6.02832
6.02748
6.02691
6.03603
6.04675
6.05663
6.05341
6.05324
6.05397
6.05026
6.04913
6.0395
6.02915
6.01086
5.99841
5.99686
6.0001
6.00807
6.01001
6.00961
6.00886
6.00856
6.00647
6.00147
6.00675
6.01468
6.04581
6.06025
6.06377
6.05996
6.06218
6.06673
6.06981
6.06302
6.05951
6.04822
6.04648
6.04544
6.04693
6.04987
6.05117
6.05269
6.05165
6.05428
6.05094
6.05534
6.06215
6.06288
6.07278
6.07287
6.0747
6.07593
6.07701
6.08337
6.07733
6.06676
6.03223
6.01503
6.01002
6.01069
6.00964
6.00472
6.00123
6.00017
5.99294
5.99439
5.99778
6.00479
6.01246
6.01973
6.01961
6.0166
6.01632
6.01473
6.01583
6.01165
6.00425
5.99483
5.98348
5.98419
5.98223
5.97896
5.97953
5.97566
5.97271
5.97263
5.97487
5.97611
5.98771
6.00527
6.01893
6.02998
6.03165
6.03152
6.03108
6.03022
6.02773
6.02471
6.01423
6.00566
6.00379
6.00466
6.00225
6.00148
6.00123
6.00592
6.00647
6.00793
6.0094
6.00955
6.01999
6.03275
6.04426
6.04577
6.04809
6.04999
6.04849
6.04851
6.03796
6.01884
6.00578
5.99632
5.99395
5.9924
5.9952
5.99541
5.99487
5.99218
5.99245
5.99239
5.99414
6.0022
6.01415
6.02332
6.03326
6.02992
6.02802
6.02822
6.02928
6.02861
6.01965
6.01138
6.00187
6.00049
5.99891
5.99612
5.99665
5.9984
5.99735
6.00166
5.99978
5.99765
5.99793
6.00769
6.01317
6.02275
6.02192
6.03173
6.03331
6.03549
6.03272
6.02295
6.01331
6.00532
5.99752
5.99992
6.00009
6.00271
6.00087
6.0016
6.00161
6.0003
5.99778
5.9984
6.00764
6.0266
6.0457
6.05014
6.05229
6.05088
6.05383
6.05734
6.06033
6.05285
6.04815
6.03941
6.04107
6.03091
6.03103
6.03031
6.03298
6.03269
6.03708
6.03654
6.03546
6.03297
6.0427
6.05042
6.06488
6.06781
6.06879
6.07038
6.07206
6.07247
6.0637
6.04726
6.02728
6.0199
6.01898
6.01815
6.01614
6.01436
6.01382
6.01664
6.01454
6.01582
6.0156
6.02413
6.03421
6.04056
6.03944
6.0402
6.03854
6.03859
6.03828
6.03876
6.02865
6.01853
6.00158
6
6.00086
5.99761
5.99686
5.99645
5.99679
5.99493
5.99452
5.99561
6.00073
6.00881
6.02113
6.03127
6.03042
6.02647
6.02648
6.02337
6.02569
6.01967
6.01006
6.00672
6.00573
6.00733
6.00748
6.00766
6.00848
6.01151
6.01295
6.0119
6.01539
6.01615
6.02306
6.03526
6.04568
6.04854
6.05004
6.05391
6.05751
6.06036
6.05637
6.0489
6.03831
6.03097
6.03159
6.03349
6.0354
6.04013
6.03917
6.03744
6.04173
6.041
6.044
6.05015
6.06092
6.07349
6.08733
6.08597
6.08871
6.09377
6.09682
6.0991
6.09403
6.08939
6.08421
6.08636
6.08936
6.08994
6.08774
6.08584
6.08712
6.0866
6.08573
6.08515
6.0864
6.09599
6.10586
6.11409
6.11952
6.12005
6.11688
6.11604
6.11422
6.10892
6.09998
6.09196
6.0846
6.08372
6.08072
6.07699
6.07427
6.07206
6.07009
6.0659
6.06059
6.05601
6.05334
6.06043
6.07041
6.07906
6.07622
6.07629
6.0771
6.07476
6.07382
6.06161
6.04939
6.03868
6.02961
6.02687
6.02347
6.02163
6.02051
6.0188
6.01499
6.00849
5.99975
5.99767
6.00459
6.01104
6.01527
6.01467
6.01121
6.00721
6.00629
6.00366
6.00045
5.98852
5.9802
5.96839
5.97086
5.9786
5.97877
5.97961
5.97731
5.97859
5.98094
5.97911
5.97782
5.98076
5.98861
5.99674
6.00785
6.00546
6.00356
6.00325
6.00393
6.00545
5.99623
5.98747
5.98026
5.98169
5.98252
5.98338
5.98203
5.98509
5.98565
5.98579
5.98325
5.98293
5.98037
5.98048
5.98684
5.99585
5.99864
5.99809
5.9963
5.99594
5.99806
5.99609
5.98754
5.97851
5.96692
5.96749
5.96751
5.96958
5.96984
5.97595
5.9776
5.98098
5.98349
5.98041
5.99361
6.00972
6.01971
6.02338
6.02225
6.02188
6.01867
6.0205
6.0198
6.01449
6.00636
5.99783
5.99619
5.99678
5.99818
5.99846
5.99976
6.00146
5.99937
6.00018
5.99832
6.00135
6.0095
6.02197
6.03312
6.02893
6.03017
6.02932
6.03026
6.03253
6.02192
6.00703
5.99839
5.9926
5.99435
5.9932
5.99739
5.99644
5.9982
5.99598
5.99506
5.9942
5.99183
6.0037
6.01011
6.01984
6.01774
6.01365
6.0144
6.01595
6.02108
6.01742
6.01243
5.99889
5.98569
5.98395
5.98004
5.9768
5.97364
5.97249
5.96958
5.97032
5.97087
5.97327
5.9875
6.00259
6.0091
6.0249
6.02657
6.02797
6.02911
6.02815
6.02942
6.01635
6.0067
5.99755
6.00141
6.00426
6.00783
6.00615
6.00549
6.01141
6.00919
6.01225
6.01728
6.01733
6.03501
6.05329
6.06458
6.06608
6.07075
6.06961
6.07319
6.0717
6.05759
6.04506
6.04178
6.02701
6.02914
6.0273
6.02935
6.03236
6.03866
6.04631
6.04793
6.05661
6.05517
6.06581
6.08255
6.09348
6.10321
6.099
6.09871
6.09689
6.09289
6.0927
6.07794
6.06127
6.05508
6.05497
6.05474
6.05442
6.05293
6.05333
6.05687
6.0574
6.054
6.05381
6.04797
6.05745
6.0657
6.07381
6.06758
6.06159
6.06227
6.05541
6.05452
6.0488
6.04055
6.03244
6.02897
6.0345
6.0398
6.04727
6.05527
6.05866
6.06067
6.06394
6.06477
6.06417
6.07715
6.08891
6.09761
6.11353
6.11082
6.11004
6.11339
6.11331
6.11682
6.11026
6.10556
6.09857
6.10005
6.09991
6.09974
6.10166
6.10505
6.10175
6.0925
6.09028
6.08796
6.08746
6.09249
6.09557
6.10011
6.10107
6.10049
6.09754
6.09618
6.09902
6.08398
6.0742
6.06831
6.05393
6.05344
6.05128
6.04786
6.0466
6.04353
6.04211
6.03526
6.03237
6.03288
6.04007
6.05787
6.0728
6.07994
6.07978
6.07778
6.07864
6.07484
6.0695
6.06176
6.05287
6.04375
6.04098
6.04286
6.04403
6.04208
6.03704
6.0357
6.03547
6.03303
6.03204
6.02996
6.0398
6.04795
6.0585
6.06017
6.05895
6.06154
6.05998
6.06432
6.05799
6.03864
6.01934
6.00981
6.01014
6.01528
6.01504
6.01592
6.01843
6.01937
6.01555
6.01273
6.01274
6.01001
6.0184
6.02352
6.03503
6.03364
6.0357
6.0372
6.0383
6.04462
6.03519
6.02538
6.01896
6.02222
6.02456
6.03543
6.03974
6.0335
6.03181
6.03113
6.03062
6.02848
6.02533
6.03055
6.03733
6.04433
6.0419
6.05209
6.05213
6.05396
6.05429
6.05219
6.04371
6.03841
6.02839
6.02723
6.02626
6.02159
6.0219
6.01786
6.02135
6.02406
6.02088
6.01646
6.01933
6.01678
6.02309
6.0377
6.03976
6.04132
6.04391
6.04534
6.04595
6.03986
6.03135
6.02232
6.02542
6.01363
6.01552
6.01732
6.01654
6.02023
6.01908
6.02159
6.02162
6.02304
6.02918
6.03906
6.04725
6.05025
6.05063
6.05123
6.05461
6.06221
6.05903
6.05196
6.04521
6.03251
6.03431
6.03522
6.03765
6.04118
6.04523
6.04498
6.04851
6.04818
6.04623
6.04791
6.06025
6.07275
6.08245
6.08468
6.08433
6.08193
6.08438
6.08583
6.08079
6.07349
6.07832
6.07996
6.0793
6.07855
6.07664
6.0707
6.06911
6.06878
6.06693
6.0684
6.06722
6.07535
6.08537
6.10092
6.10551
6.10493
6.10153
6.10677
6.10881
6.10699
6.09672
6.08282
6.07341
6.06957
6.07223
6.07241
6.07226
6.07224
6.07098
6.07217
6.05637
6.05139
6.05033
6.05991
6.07091
6.08279
6.08422
6.08556
6.09117
6.09463
6.09735
6.09209
6.08377
6.06751
6.06425
6.0672
6.0717
6.07052
6.07132
6.07541
6.07736
6.0798
6.08244
6.08398
6.08731
6.09844
6.10866
6.12152
6.12197
6.12104
6.12592
6.13362
6.13578
6.12699
6.11708
6.10556
6.10422
6.10311
6.09996
6.09551
6.09029
6.0879
6.08284
6.08167
6.08016
6.0752
6.08174
6.09539
6.1046
6.11151
6.11003
6.1053
6.1007
6.0986
6.09206
6.07819
6.06755
6.05204
6.05078
6.04697
6.04927
6.04297
6.043
6.04299
6.0436
6.04274
6.04261
6.04155
6.04929
6.05989
6.07072
6.07022
6.07158
6.07104
6.06727
6.06862
6.05777
6.04064
6.02591
6.01402
6.01161
6.01271
6.01416
6.01414
6.01613
6.01867
6.01591
6.02074
6.02356
6.03301
6.03649
6.04565
6.0452
6.04859
6.05065
6.05559
6.05795
6.05596
6.04981
6.03759
6.03033
6.02924
6.02896
6.02607
6.02831
6.0277
6.03192
6.03357
6.03542
6.03643
6.03549
6.0418
6.05306
6.06305
6.06022
6.05833
6.06089
6.05762
6.05583
6.0485
6.03712
6.02732
6.02622
6.02145
6.01648
6.01027
6.00547
6.00571
6.00101
6.00113
5.99834
5.99827
6.01667
6.03679
6.04566
6.04552
6.04006
6.04738
6.04678
6.04604
6.0475
6.04114
6.03074
6.02163
6.02165
6.0246
6.02582
6.02894
6.03801
6.03969
6.04446
6.0445
6.04485
6.05301
6.06034
6.07086
6.08444
6.08287
6.08852
6.09318
6.09496
6.09541
6.0801
6.06391
6.05306
6.05487
6.06068
6.05591
6.06168
6.06481
6.06737
6.07238
6.07403
6.07475
6.07985
6.08744
6.09886
6.11074
6.11136
6.11157
6.11055
6.11463
6.11369
6.10697
6.09892
6.0982
6.08517
6.08956
6.08256
6.07693
6.07313
6.08213
6.08393
6.09252
6.09564
6.09358
6.09867
6.1113
6.12021
6.12938
6.1325
6.13074
6.1287
6.13412
6.13001
6.12424
6.11105
6.0989
6.08623
6.0868
6.08353
6.08053
6.08124
6.07904
6.08177
6.07257
6.07235
6.07299
6.08206
6.09103
6.11027
6.1173
6.11366
6.10216
6.09752
6.09973
6.09029
6.07715
6.0663
6.05771
6.0524
6.04897
6.04976
6.04388
6.04598
6.04328
6.04229
6.03763
6.03696
6.03165
6.0381
6.04574
6.05205
6.05027
6.04817
6.05107
6.05162
6.04447
6.03846
6.02858
6.0088
5.99059
5.9867
