1.05045
257.281
263.189
269.498
272.702
275.205
278.289
279.991
280.952
281.567
282.698
283.172
283.484
283.957
284.552
284.538
284.738
285.312
285.696
285.914
286.089
286.503
286.809
286.955
287.158
287.194
287.218
287.347
287.631
287.804
297.534
290.177
290.563
290.661
290.796
290.806
290.624
290.645
290.713
290.668
290.429
290.454
290.513
290.331
290.03
290.279
290.197
289.902
289.685
289.779
289.664
289.333
289.297
289.141
288.932
288.932
288.989
288.824
288.422
288.301
288.008
287.765
288.576
288.581
288.495
288.43
288.447
288.269
288.155
288.254
288.386
288.361
288.434
288.76
288.905
288.746
288.952
289.233
289.237
289.067
289.253
289.321
289.176
289.267
289.494
289.441
289.339
289.432
289.562
289.418
289.553
289.686
288.837
288.622
288.66
288.7
288.489
288.459
288.462
288.453
288.314
288.339
288.305
288.044
288.067
288.18
288.004
287.739
287.862
287.899
287.746
287.747
287.799
287.765
287.612
287.763
287.963
287.933
288.142
288.525
288.585
288.506
288.673
288.992
288.957
289.062
290.182
290.323
290.471
290.906
291.021
291.109
291.016
291.313
291.178
291.129
291.283
291.283
291.161
291.212
291.422
291.438
291.373
291.441
291.544
291.561
291.387
291.519
291.264
290.935
290.97
291.151
291.04
290.772
290.956
290.942
289.976
290.011
289.997
289.578
289.495
289.541
289.588
289.276
289.462
289.477
289.293
289.233
289.348
289.13
288.819
288.842
288.817
288.648
288.451
288.446
288.389
288.138
288.188
288.255
288.055
287.873
287.966
287.926
287.675
287.527
287.424
287.227
287.013
287.015
286.917
286.652
286.557
286.738
286.576
286.404
286.554
286.62
286.623
287.585
287.816
287.712
287.667
287.989
288.15
287.987
288.211
288.542
288.501
288.503
288.789
288.822
288.787
288.826
289.064
289.032
289.155
289.326
289.372
289.256
289.283
289.486
289.542
289.375
289.533
289.66
289.634
289.731
289.849
288.92
288.708
288.933
289.147
288.868
288.891
289.257
289.134
289.039
289.331
289.598
289.653
289.834
290.094
290.261
290.289
290.819
290.93
291.011
291.392
291.596
291.704
291.737
292.002
292.024
291.911
291.909
291.94
291.878
291.705
291.894
292.012
291.921
292.126
292.511
292.382
292.079
292.193
292.287
292.137
291.929
291.766
291.777
291.696
291.707
291.514
291.216
291.282
291.341
291.134
291.012
291.148
291.12
290.935
290.966
291.131
291.038
290.982
291.188
291.213
291.275
291.403
291.693
291.459
291.362
291.706
291.872
291.797
291.776
291.763
291.627
291.692
291.928
291.929
291.912
292.03
291.858
291.576
291.249
291.166
291.114
290.885
290.843
290.872
291.21
291.291
291.72
291.954
292.083
292.252
292.35
292.161
291.992
292.15
292.23
292.162
292.2
292.245
292.162
292.175
292.382
292.409
291.973
292.043
292.019
291.926
292.188
292.321
292.461
292.44
292.659
292.813
292.711
292.617
292.465
292.253
292.154
292.151
291.878
291.887
291.862
292.116
291.992
291.896
291.731
291.456
291.362
291.296
291.199
291.129
290.869
290.844
290.75
290.468
290.632
290.742
290.544
290.578
290.693
290.746
290.522
290.478
290.708
290.597
290.314
290.641
290.53
290.249
290.223
290.206
290.196
290.069
290.33
290.245
290.436
290.783
290.964
290.945
291.087
291.484
291.963
291.79
292.004
291.954
291.675
291.356
291.32
290.958
290.564
290.429
290.365
290.123
289.719
289.79
289.715
289.217
288.946
288.924
288.705
288.332
288.139
287.84
287.358
287.111
286.759
286.257
285.711
285.596
285.28
284.672
284.092
284.114
283.8
283.646
283.549
283.609
283.426
283.425
283.644
283.508
283.388
283.414
283.55
283.391
283.375
283.504
283.514
283.393
283.366
283.528
283.281
283.303
283.433
283.449
283.304
283.3
283.524
283.4
283.344
283.462
283.527
283.46
283.444
283.677
283.62
283.55
283.621
283.774
283.567
283.586
283.775
283.773
283.613
283.603
283.756
283.593
283.507
283.58
283.64
283.471
283.484
283.648
283.471
283.4
283.4
283.5
283.324
283.312
283.498
283.364
283.298
283.209
283.376
283.225
283.216
283.403
283.387
283.215
283.229
283.382
283.218
283.231
283.347
283.429
283.226
283.208
283.425
283.327
283.247
283.273
283.409
283.25
283.254
283.444
283.423
283.324
283.318
283.5
283.338
283.335
283.472
283.474
283.284
283.223
283.362
283.169
283.103
283.189
283.277
283.097
283.122
283.273
283.151
283.07
283.108
283.245
283.063
283.037
283.251
283.21
283.098
283.085
283.255
283.106
283.075
283.21
283.256
283.093
283.092
283.28
283.179
283.114
283.211
283.335
283.139
283.162
283.349
283.303
283.214
283.247
283.397
283.2
283.269
283.488
283.523
283.443
283.48
283.755
283.579
283.613
283.744
283.834
283.695
283.723
283.985
283.87
283.842
283.953
284.076
283.882
283.858
284.072
284.031
283.914
284.052
284.223
284.076
284.078
284.258
284.285
284.127
284.146
284.297
284.078
284.037
284.124
284.211
283.978
283.951
284.12
284.005
283.943
284.028
284.155
283.944
283.93
284.084
283.995
283.893
283.933
284.114
283.911
283.931
284.067
283.995
283.829
283.798
283.976
283.816
283.758
283.846
283.927
283.752
283.772
283.99
283.899
283.771
283.825
283.992
283.815
283.813
283.991
283.888
283.721
283.739
283.928
283.767
283.774
283.897
283.959
283.775
283.788
283.933
283.778
283.773
283.85
283.978
283.793
283.763
283.938
283.845
283.792
283.813
283.914
283.733
283.72
283.874
283.806
283.703
283.681
283.818
283.611
283.603
283.755
283.78
283.591
283.571
283.723
283.566
283.483
283.554
283.632
283.449
283.427
283.58
283.503
283.381
283.385
283.543
283.379
283.353
283.45
283.441
283.352
283.317
283.456
283.301
283.263
283.308
283.376
283.206
283.215
283.408
283.263
283.185
283.216
283.35
283.182
283.233
283.416
283.545
283.52
283.656
283.935
283.913
283.932
284.127
284.138
284.022
284.018
284.253
284.177
284.152
284.299
284.353
284.208
284.208
284.447
284.36
284.278
284.371
284.486
284.286
284.274
284.46
284.449
284.334
284.463
284.592
284.406
284.222
284.331
284.217
283.949
283.809
283.987
283.767
283.736
283.825
283.863
283.646
283.588
283.772
283.598
283.561
283.624
283.754
283.593
283.623
283.802
283.709
283.579
283.597
283.763
283.613
283.641
283.811
283.784
283.618
283.607
283.789
283.668
283.729
283.891
283.967
283.826
283.876
284.138
284.07
284.049
284.219
284.297
284.09
284.08
284.238
284.175
284.008
284.028
284.136
283.932
283.915
284.084
284.119
283.916
283.927
284.045
283.816
283.677
283.76
283.843
283.616
283.541
283.634
283.45
283.362
283.348
283.417
283.154
283.069
283.213
283.03
282.922
282.918
283.089
282.897
282.877
283.071
283.04
282.871
282.904
283.084
282.911
282.857
282.932
282.994
282.793
282.842
283.062
282.971
282.878
282.918
283.116
282.924
282.94
283.066
283.042
282.958
282.95
283.146
283.047
283.107
283.294
283.474
283.337
283.381
283.633
283.504
283.467
283.555
283.66
283.484
283.488
283.675
283.603
283.534
283.552
283.693
283.491
283.474
283.631
283.638
283.465
283.458
283.654
283.513
283.465
283.558
283.673
283.531
283.448
283.591
283.449
283.273
283.305
283.404
283.144
283.08
283.24
283.169
283.054
283.036
283.274
283.068
283.099
283.192
283.251
283.098
283.119
283.328
283.16
283.109
283.19
283.275
283.108
283.089
283.301
283.188
283.05
283.049
283.224
283.035
282.978
283.151
283.113
282.954
282.943
283.144
282.973
282.975
283.104
283.214
282.979
283.046
283.247
283.116
283.046
283.299
283.521
283.407
283.446
283.66
283.619
283.619
283.607
283.831
283.684
283.821
283.997
284.008
283.897
283.91
284.128
284.002
283.997
284.146
284.288
284.15
284.203
284.441
284.337
284.27
284.352
284.458
284.266
284.287
284.469
284.196
283.982
283.93
284.076
283.903
283.831
283.938
283.951
283.77
283.822
283.886
283.758
283.731
283.778
283.84
283.658
283.638
283.81
283.745
283.732
283.804
283.907
283.735
283.743
283.949
283.884
283.768
283.776
283.938
283.797
283.813
283.966
283.951
283.834
283.829
284.055
283.918
283.887
284.028
284.006
283.838
283.825
283.993
283.967
283.94
284.04
284.216
284.056
284.044
284.157
284.081
283.995
283.994
284.156
283.994
284.056
284.261
284.289
284.167
284.215
284.434
284.293
284.285
284.422
284.518
284.375
284.378
284.602
284.535
284.502
284.596
284.741
284.606
284.61
284.795
284.727
284.593
284.651
284.774
284.644
284.626
284.781
284.709
284.563
284.553
284.684
284.514
284.496
284.619
284.64
284.498
284.519
284.699
284.559
284.465
284.532
284.611
284.372
284.3
284.445
284.373
284.309
284.332
284.532
284.354
284.413
284.568
284.519
284.418
285.197
285.487
285.39
285.467
285.744
285.783
285.681
285.722
285.95
285.868
285.825
285.96
285.991
285.822
285.827
285.969
285.899
285.827
285.966
286.052
285.842
285.816
285.922
285.835
285.543
285.562
285.585
285.353
285.336
285.414
284.524
284.211
284.077
284.173
283.857
283.731
283.758
283.683
283.574
283.571
283.738
283.557
283.451
283.537
283.588
283.43
283.424
283.539
283.414
283.29
283.322
283.433
283.229
283.25
283.427
283.345
283.235
283.247
283.401
283.274
283.263
283.377
283.405
283.234
283.252
283.475
283.368
283.309
283.246
283.289
283.085
283.06
283.264
283.161
283.025
283.046
283.149
282.959
282.968
283.115
283.158
283.031
283.024
283.197
283.033
283.024
283.133
283.214
283.056
283.023
283.254
283.171
283.189
283.268
283.365
283.191
283.203
283.376
283.324
283.171
283.152
283.359
283.193
283.185
283.345
283.364
283.224
283.235
283.425
283.271
283.205
283.276
283.366
283.2
283.21
283.383
283.259
283.163
283.195
283.326
283.129
283.101
283.242
283.194
283.081
283.072
283.225
283.084
283.09
283.231
283.315
283.091
283.062
283.27
283.122
283.112
283.166
283.299
283.109
283.148
283.338
283.263
283.215
283.244
283.391
283.239
283.263
283.445
283.407
283.303
283.28
283.442
283.253
283.21
283.312
283.401
283.198
283.195
283.3
283.174
283.227
283.28
283.464
283.274
283.309
283.457
283.375
283.24
283.21
283.391
283.203
283.183
283.28
283.288
283.148
283.146
283.346
283.18
283.158
283.21
283.287
283.126
283.138
283.341
283.217
283.141
283.184
283.447
283.31
283.363
283.394
283.346
283.192
283.169
283.338
283.192
283.222
283.366
283.417
283.213
283.23
283.439
283.343
283.297
283.362
283.468
283.245
283.257
283.424
283.354
283.305
283.372
283.511
283.325
283.351
283.462
283.479
283.211
283.218
283.35
283.138
283.124
283.182
283.261
283.104
283.054
