2.03604
72.0444
91.1353
97.3667
101.036
103.508
105.257
106.592
107.622
108.444
109.128
109.726
110.191
110.542
110.913
111.228
111.526
111.736
111.962
112.165
112.366
112.5
112.674
112.802
112.94
113.055
113.176
113.272
113.367
113.463
117.25
116.381
115.947
115.964
115.977
115.973
115.969
115.985
116
116.014
116.023
115.996
116.018
116.059
116.055
116.087
116.079
116.095
116.063
116.056
116.035
116.028
115.999
116.016
116.011
116.013
115.997
116.012
116.018
115.987
115.989
115.999
115.987
115.966
115.931
115.946
115.95
115.937
115.927
115.919
115.908
115.924
115.896
115.887
115.899
115.875
115.861
115.876
115.907
115.918
115.923
115.932
115.946
115.928
115.924
115.912
115.887
115.871
115.881
115.916
115.916
115.883
115.887
115.893
115.919
115.916
115.916
115.911
115.893
115.887
115.891
115.889
115.877
115.877
115.862
115.862
115.879
115.874
115.879
115.868
115.878
115.878
115.867
115.886
115.909
115.907
115.926
115.935
115.92
115.905
115.911
115.915
115.927
115.929
115.941
115.911
115.921
115.932
115.959
115.964
115.949
115.959
115.983
115.985
115.967
115.968
115.954
115.96
115.961
115.96
115.955
115.979
115.997
115.984
115.961
115.959
116.011
116.024
116.004
116.002
116.009
116.029
116.026
116.036
116.024
116.058
116.074
116.046
116.039
116.037
116.067
116.051
116.05
116.04
116.075
116.058
116.071
116.075
116.071
116.055
116.058
116.047
116.046
116.053
116.042
116.062
116.021
116.029
116.061
116.056
116.052
116.052
116.06
116.049
116.046
116.014
116.012
116.061
116.05
116.066
116.052
116.093
116.092
116.086
116.072
116.091
116.1
116.105
116.095
116.113
116.114
116.128
116.125
116.122
116.113
116.111
116.112
116.094
116.069
116.056
116.051
116.045
116.044
116.024
116.019
116.044
116.032
116.019
116.023
116.013
115.994
115.983
115.99
115.993
115.985
115.968
115.962
115.955
115.971
115.978
115.945
115.942
115.936
115.948
115.973
115.962
115.971
115.973
115.984
116
116.01
116.027
116.015
116.01
116.029
116.028
116.029
116.023
116.008
116.011
116.037
116.02
115.999
116.033
116.058
116.064
116.05
116.046
116.047
116.037
116.078
116.057
116.08
116.089
116.11
116.125
116.121
116.128
116.126
116.127
116.13
116.1
116.102
116.13
116.134
116.118
116.134
116.131
116.155
116.156
116.152
116.159
116.18
116.14
116.132
116.128
116.134
116.123
116.122
116.147
116.136
116.14
116.12
116.098
116.068
116.038
116.037
116.031
116.042
116.051
116.03
116.064
116.063
116.049
116.035
116.055
116.026
116.007
115.976
115.974
115.976
115.968
115.959
115.977
115.961
115.986
116.004
115.997
115.99
115.987
116.006
116.012
116.009
116.014
116.022
116.021
116.027
116.021
116.008
116.02
116.058
116.051
116.037
116.045
116.053
116.066
116.091
116.093
116.139
116.129
116.102
116.103
116.116
116.121
116.143
116.113
116.114
116.129
116.142
116.146
116.114
116.126
116.145
116.146
116.13
116.155
116.151
116.147
116.155
116.124
116.114
116.117
116.135
116.122
116.13
116.12
116.115
116.126
116.115
116.136
116.182
116.161
116.158
116.166
116.164
116.167
116.165
116.179
116.169
116.149
116.141
116.149
116.127
116.132
116.164
116.151
116.15
116.148
116.126
116.167
116.169
116.165
116.162
116.16
116.15
116.15
116.147
116.146
116.138
116.137
116.12
116.144
116.115
116.102
116.098
116.103
116.096
116.068
116.078
116.095
116.113
116.104
116.118
116.114
116.095
116.123
116.133
116.137
116.137
116.117
116.112
116.109
116.098
116.132
116.143
116.146
116.128
116.126
116.131
116.123
116.133
116.141
116.176
116.174
116.146
116.153
116.16
116.166
116.136
116.129
116.13
116.127
116.1
116.105
116.113
116.104
116.083
116.092
116.141
116.137
116.12
116.088
116.095
116.085
116.079
116.047
116.067
116.08
116.08
116.071
116.037
116.049
116.036
116.029
116.022
116.035
116.018
116.03
116.045
116.017
116.021
116.017
116.04
116.029
116.023
116.029
116.036
116.03
115.981
115.985
116.007
116.043
116.025
116.029
116.022
116.044
116.047
116.021
116.013
116.023
116.048
116.035
116.041
116.05
116.077
116.053
116.058
116.055
116.068
116.071
116.069
116.097
116.091
116.074
116.087
116.086
116.105
116.106
116.108
116.125
116.141
116.166
116.17
116.167
116.17
116.178
116.193
116.193
116.208
116.207
116.213
116.194
116.208
116.218
116.22
116.232
116.241
116.272
116.259
116.297
116.318
116.314
116.335
116.34
116.346
116.361
116.348
116.37
116.415
116.447
116.436
116.442
116.483
116.502
116.494
116.502
116.512
116.554
116.565
116.599
116.632
116.686
116.687
116.732
116.796
116.854
116.896
116.903
116.928
116.959
116.98
117.009
117.049
117.134
117.135
117.154
117.173
117.169
117.158
117.137
117.131
117.114
117.102
117.102
117.139
117.145
117.154
117.162
117.15
117.139
117.087
117.057
117.061
117.04
116.979
116.941
116.919
116.909
116.898
116.874
116.854
116.836
116.798
116.753
116.778
116.753
116.723
116.718
116.728
116.731
116.711
116.712
116.704
116.677
116.63
116.623
116.602
116.603
116.582
116.573
116.595
116.573
116.562
116.549
116.568
116.547
116.549
116.558
116.574
116.573
116.568
116.569
116.566
116.551
116.55
116.576
116.6
116.581
116.582
116.578
116.575
116.566
116.563
116.575
116.574
116.576
116.58
116.54
116.562
116.55
116.526
116.547
116.564
116.556
116.531
116.535
116.524
116.489
116.486
116.478
116.462
116.422
116.403
116.403
116.361
116.323
116.312
116.285
116.248
116.224
116.241
116.222
116.208
116.211
116.225
116.185
116.176
116.196
116.172
116.159
116.225
116.194
116.162
116.145
116.158
116.143
116.097
116.098
116.091
116.045
116.047
116.071
116.091
116.07
116.064
116.062
116.083
116.098
116.113
116.11
116.086
116.102
116.105
116.093
116.103
116.104
116.085
116.089
116.107
116.116
116.04
116.072
116.095
116.088
116.073
116.073
116.088
116.073
116.059
116.094
116.112
116.091
116.076
116.089
116.083
116.08
116.058
116.081
116.07
116.051
116.085
116.093
116.124
116.105
116.103
116.142
116.15
116.142
116.121
116.123
116.144
116.131
116.109
116.136
116.145
116.156
116.14
116.156
116.162
116.162
116.146
116.146
116.147
116.161
116.176
116.175
116.161
116.152
116.169
116.199
116.176
116.144
116.133
116.158
116.156
116.134
116.114
116.132
116.176
116.183
116.164
116.17
116.172
116.174
116.162
116.176
116.195
116.192
116.192
116.167
116.163
116.17
116.189
116.168
116.166
116.184
116.204
116.173
116.167
116.163
116.167
116.165
116.154
116.157
116.155
116.167
116.16
116.172
116.159
116.163
116.169
116.159
116.163
116.169
116.165
116.165
116.181
116.178
116.152
116.177
116.194
116.189
116.164
116.15
116.157
116.143
116.134
116.158
116.13
116.129
116.129
116.153
116.135
116.115
116.11
116.111
116.133
116.091
116.078
116.074
116.087
116.094
116.084
116.055
116.064
116.067
116.077
116.061
116.078
116.072
116.043
116.063
116.056
116.082
116.065
116.07
116.069
116.072
116.077
116.075
116.081
116.082
116.086
116.1
116.109
116.102
116.108
116.084
116.101
116.118
116.095
116.097
116.096
116.121
116.146
116.109
116.092
116.118
116.125
116.131
116.133
116.103
116.113
116.103
116.11
116.089
116.083
116.072
116.065
116.078
116.074
116.055
116.081
116.074
116.074
116.051
116.044
116.089
116.076
116.033
116.073
116.085
116.086
116.042
116.022
116.044
116.028
115.998
116
116
116
116.009
116.023
116.043
116.056
116.064
116.083
116.083
116.107
116.077
116.074
116.09
116.087
116.072
116.088
116.118
116.121
116.099
116.081
116.089
116.069
116.058
116.056
116.082
116.078
116.048
116.075
116.096
116.083
116.095
116.115
116.122
116.089
116.086
116.09
116.122
116.11
116.131
116.153
116.176
116.155
116.158
116.14
116.175
116.161
116.144
116.156
116.183
116.194
116.182
116.186
116.177
116.168
116.163
116.17
116.203
116.163
116.163
116.179
116.17
116.156
116.141
116.203
116.215
116.218
116.176
116.177
116.171
116.145
116.146
116.179
116.199
116.206
116.184
116.185
116.204
116.211
116.199
116.219
116.256
116.256
116.293
116.35
116.378
116.374
116.398
116.441
116.478
116.469
116.497
116.545
116.601
116.569
116.571
116.57
116.615
116.617
116.648
116.689
116.702
116.695
116.696
116.735
116.765
116.781
116.822
116.839
116.84
116.856
116.887
116.931
116.918
116.91
116.906
116.917
116.923
116.939
116.91
116.925
116.904
116.878
116.863
116.847
116.839
116.85
116.853
116.856
116.85
116.845
116.847
116.851
116.869
116.856
116.848
116.858
116.845
116.837
116.859
116.867
116.858
116.83
116.86
116.88
116.905
116.915
116.928
116.925
116.997
117.051
117.109
117.18
117.227
117.297
117.321
117.334
117.351
117.398
117.398
117.385
117.381
117.413
117.375
117.37
117.392
117.378
117.324
117.304
117.28
117.237
117.177
117.148
117.096
117.043
116.965
116.95
116.915
116.889
116.817
116.724
116.676
116.62
116.565
116.497
116.46
116.426
116.371
116.292
116.266
116.271
116.254
116.205
116.215
116.214
116.188
116.171
116.167
116.172
116.187
116.199
116.219
116.243
116.25
116.261
116.289
116.264
116.257
116.254
116.237
116.27
116.261
116.215
116.203
116.219
116.216
116.187
116.201
116.244
116.231
116.187
116.187
116.204
116.191
116.159
116.163
116.173
116.195
116.181
116.135
116.117
116.143
116.142
116.128
116.116
116.116
116.143
116.141
116.13
116.156
116.128
116.122
116.146
116.14
116.163
116.165
116.189
116.159
116.152
116.166
116.195
116.184
116.184
116.181
116.182
116.135
116.145
116.14
116.124
116.167
116.183
116.177
116.159
116.172
116.185
116.186
116.192
116.191
116.199
116.185
116.201
116.182
116.184
116.204
116.181
116.182
116.166
116.191
116.19
116.18
116.175
116.181
116.185
116.194
116.199
116.238
116.224
116.229
116.231
116.215
116.2
116.198
116.218
116.194
116.194
116.22
116.21
116.218
116.202
116.209
116.249
116.295
116.262
116.248
116.247
116.245
116.243
116.251
116.27
116.287
116.278
116.287
116.281
116.276
116.281
116.284
116.292
116.3
116.324
116.307
116.318
116.311
116.299
116.325
116.306
116.295
116.316
116.333
116.343
116.333
116.296
116.279
116.31
116.299
116.302
116.317
116.337
116.34
116.293
116.294
116.313
116.317
116.326
116.333
116.334
116.305
116.29
116.285
116.289
116.286
116.284
116.292
116.286
116.291
116.309
116.309
116.279
116.273
116.295
116.305
116.325
116.311
116.305
116.311
116.29
116.268
116.265
116.283
116.3
116.293
116.29
116.307
