9.35967
6.6492
5.72852
5.68792
5.26213
5.40674
5.18535
5.31714
5.33526
5.34064
5.36649
5.42242
5.40018
5.34623
5.34763
5.36406
5.30125
5.37306
5.4003
5.41435
5.40982
5.43891
5.3853
5.40245
5.40492
5.36452
5.3784
5.45073
5.46634
5.47414
5.30381
5.38603
5.4747
5.43101
5.57918
5.51978
5.5736
5.56563
5.57739
5.60951
5.64902
5.6184
5.66119
5.71745
5.74265
5.75419
5.82208
5.79625
5.79025
5.80102
5.81423
5.79553
5.83991
5.84901
5.89209
5.98491
5.98283
5.93609
5.90675
5.91334
5.96018
5.89161
5.85654
5.85065
5.77164
5.80708
5.79404
5.75683
5.73638
5.76089
5.71494
5.73232
5.70184
5.62504
5.60991
5.64376
5.61899
5.60744
5.60493
5.59147
5.5858
5.60072
5.60198
5.52074
5.48
5.41322
5.39076
5.38086
5.38535
5.37901
5.32351
5.36833
5.36518
5.41582
5.41478
5.40533
5.415
5.38485
5.42342
5.37533
5.33983
5.33159
5.28124
5.3296
5.3253
5.29081
5.2998
5.31894
5.31546
5.31476
5.26312
5.26988
5.26547
5.32089
5.3213
5.33661
5.3521
5.35259
5.29954
5.30876
5.34511
5.34404
5.30141
5.32601
5.31583
5.32426
5.35797
5.41508
5.43796
5.43531
5.4643
5.41688
5.46997
5.40622
5.41389
5.41314
5.38794
5.36811
5.35417
5.32953
5.37348
5.35523
5.37759
5.38884
5.38832
5.33892
5.37583
5.41201
5.45589
5.41346
5.36592
5.34695
5.39732
5.34723
5.28858
5.31985
5.28962
5.27583
5.25205
5.27038
5.2884
5.35892
5.34642
5.42064
5.41811
5.34181
5.38933
5.3897
5.40922
5.41865
5.41533
5.41763
5.39583
5.34617
5.35987
5.39511
5.34396
5.23566
5.26046
5.30398
5.37326
5.39403
5.39635
5.37075
5.44578
5.42035
5.37653
5.38971
5.37127
5.302
5.30995
5.29531
5.26228
5.25954
5.20731
5.2724
5.24699
5.24536
5.19934
5.26406
5.27033
5.27791
5.26717
5.29688
5.32204
5.31804
5.27483
5.36343
5.36138
5.27165
5.26797
5.29066
5.27388
5.28165
5.30352
5.30088
5.35471
5.35598
5.35201
5.4128
5.33461
5.33706
5.38129
5.37849
5.41075
5.35425
5.3509
5.37476
5.424
5.33443
5.34906
5.35014
5.30319
5.35029
5.25372
5.27801
5.28028
5.27266
5.28598
5.36649
5.43537
5.40795
5.44818
5.50683
5.50185
5.51568
5.47358
5.52005
5.53264
5.49337
5.57053
5.52919
5.58571
5.59894
5.62913
5.64612
5.69299
5.68929
5.62169
5.691
5.69636
5.63157
5.74783
5.73013
5.82861
5.82639
5.90266
5.82118
5.85579
5.85316
5.78988
5.81323
5.78914
5.78245
5.79463
5.7981
5.84142
5.79115
5.77996
5.82445
5.8349
5.95034
5.91535
5.85189
5.82909
5.92317
5.8859
5.89035
5.97807
5.89541
5.88278
5.9028
5.89418
5.83575
5.81032
5.73868
5.75222
5.78563
5.74807
5.69787
5.70943
5.67891
5.6632
5.65905
5.63095
5.56534
5.57679
5.59601
5.67616
5.63505
5.62693
5.51287
5.55897
5.59961
5.60906
5.52213
5.55143
5.52831
5.50936
5.59003
5.60695
5.66336
5.58799
5.66003
5.7191
5.7779
5.73772
5.7791
5.70378
5.74704
5.75737
5.77434
5.81444
5.79303
5.80732
5.8666
5.81175
5.8048
5.7347
5.78062
5.77076
5.75375
5.75441
5.78322
5.79702
5.84228
5.76491
5.8109
5.81412
5.73855
5.75316
5.77464
5.76723
5.83525
5.79355
5.81402
5.85194
5.85897
5.93783
5.99273
5.98787
5.92696
5.92598
5.9543
5.94277
5.90491
5.96821
5.99308
5.99618
6.00489
6.01499
6.10578
6.06865
6.02681
6.03548
5.99847
6.09038
6.00349
6.00019
6.03164
6.15791
6.13516
6.17668
6.08131
6.07529
6.08738
6.06682
6.12392
6.11953
6.08584
6.14527
6.26417
6.27226
6.2731
6.23356
6.34012
6.33669
6.31872
6.31316
6.24352
6.25
6.23051
6.22289
6.21495
6.21006
6.25357
6.16443
6.22594
6.24194
6.27698
6.1227
6.07583
6.13409
6.13117
6.11046
6.0549
6.06496
6.01577
6.10033
6.0784
5.99232
5.94525
5.93246
5.94294
5.92164
5.90582
5.88152
5.87493
5.92491
5.98511
5.97097
5.9085
5.8973
5.95768
5.95837
5.95981
6.00987
5.9616
5.97009
5.98224
5.99607
5.97274
5.91376
5.86948
5.88152
5.94543
5.93366
5.85879
5.83437
5.80802
5.89019
5.90859
5.9055
5.90894
5.98841
5.93173
5.87916
5.88338
5.82258
5.77469
5.78644
5.85073
5.85153
5.78556
5.79142
5.7884
5.73561
5.83659
5.75143
5.72594
5.659
5.74378
5.73819
5.73444
5.79443
5.77515
5.78365
5.78197
5.73032
5.7714
5.78716
5.76932
5.75551
5.74244
5.67959
5.71675
5.7697
5.74754
5.74188
5.76486
5.75489
5.68467
5.68565
5.7091
5.68231
5.68959
5.75669
5.64298
5.71915
5.65799
5.82016
5.82283
5.88313
5.9298
5.94985
5.99029
5.98272
6.16172
6.15219
6.19657
6.15928
6.17834
6.28124
6.33529
6.41526
6.46976
6.51246
6.49793
6.57111
6.64243
6.60035
6.68934
6.69699
6.78833
6.81915
6.88777
6.92599
7.04153
7.04883
7.14062
7.05416
7.04416
7.00431
6.98076
6.95193
6.91784
6.98209
6.91686
6.93719
6.91784
6.8262
6.83749
6.74267
6.69895
6.59543
6.53789
6.51226
6.48886
6.45233
6.38949
6.44064
6.432
6.42983
6.32539
6.32084
6.24721
6.20078
6.14726
6.12887
6.09782
6.04235
6.03527
6.1033
6.08562
6.10038
6.05395
5.99208
5.95993
5.93977
5.9174
5.96272
5.93133
5.92719
5.90342
5.90588
5.88639
5.92254
6.03093
5.99822
5.95497
5.9701
5.87907
5.871
5.91125
5.89341
5.90981
5.88735
5.87241
5.8643
5.8597
5.88132
5.85692
5.72436
5.79675
5.71131
5.75645
5.6816
5.69424
5.6914
5.6796
5.66602
5.58347
5.57832
5.56009
5.63036
5.61972
5.56557
5.49298
5.44277
5.48179
5.44874
5.50809
5.50469
5.51218
5.55161
5.5926
5.58722
5.59425
5.53451
5.63281
5.60576
5.73882
5.77032
5.84505
5.79595
5.85041
5.91721
5.89099
5.92593
5.92628
5.9838
6.05313
6.09142
6.16253
6.16445
6.17291
6.1995
6.21599
6.27599
6.29223
6.29742
6.30146
6.27904
6.23718
6.20183
6.09422
6.02552
6.01324
6.07809
5.9783
6.00248
5.85735
5.86285
5.74937
5.7859
5.65665
5.65641
5.64651
5.59066
5.59
5.53873
5.51677
5.44708
5.42113
5.4001
5.31376
5.27933
5.25572
5.23067
5.16385
5.18153
5.12646
5.15157
5.17774
5.1425
5.15773
5.22203
5.21402
5.17976
5.17774
5.17968
5.19482
5.18725
5.19364
5.19145
5.17601
5.17274
5.15865
5.16637
5.14621
5.17253
5.17216
5.15177
5.12663
5.12446
5.20406
5.21716
5.16487
5.17334
5.22857
5.2015
5.2412
5.24025
5.2053
5.19195
5.21602
5.2251
5.23087
5.26971
5.28517
5.29253
5.27406
5.29035
5.29819
5.31005
5.3585
5.35811
5.4075
5.41873
5.39944
5.37486
5.39752
5.38619
5.39848
5.39565
5.32359
5.32002
5.37169
5.31092
5.3206
5.2635
5.30004
5.22483
5.27109
5.34308
5.27068
5.28562
5.27771
5.25856
5.1915
5.20318
5.21381
5.14697
5.1584
5.1148
5.16241
5.17322
5.14524
5.16325
5.24454
5.18329
5.21027
5.30118
5.31033
5.33363
5.41074
5.49345
5.51727
5.59428
5.56678
5.62952
5.5984
5.60944
5.60936
5.55494
5.62741
5.59638
5.56111
5.58509
5.64687
5.60694
5.63121
5.75989
5.7623
5.85023
5.84891
5.86004
5.81694
5.80567
5.79877
5.87798
5.85905
5.81319
5.75748
5.77929
5.7763
5.7104
5.72931
5.74149
5.72901
5.79778
5.82094
5.87354
5.86163
5.89908
5.91025
5.93974
5.97436
5.96641
5.90202
5.94479
5.9437
5.88808
5.90688
5.8972
5.88572
5.8787
5.98452
5.98696
5.91186
5.92211
5.92044
5.89429
5.94505
5.85015
5.82462
5.86447
5.83195
5.82685
5.8417
5.77559
5.75948
5.72105
5.73405
5.7033
5.67805
5.59922
5.59346
5.63812
5.74772
5.73701
5.73112
5.73914
5.72002
5.70378
5.70613
5.70139
5.64466
5.64077
5.68541
5.64664
5.64924
5.69454
5.6923
5.76239
5.79068
5.7365
5.73914
5.68187
5.71097
5.69426
5.73253
5.77706
5.70071
5.74582
5.76921
5.79819
5.82601
5.78015
5.81216
5.82668
5.84586
5.85318
5.84291
5.90989
5.9164
5.85315
5.88069
5.83663
5.84167
5.89221
5.82573
5.88881
5.88609
5.89606
5.89745
5.86101
5.82465
5.89341
5.88419
5.8581
5.83815
5.85003
5.85207
5.87224
5.79471
5.87053
5.82975
5.83339
5.75522
5.74888
5.72112
5.6612
5.70643
5.62839
5.63217
5.6969
5.59238
5.62203
5.54999
5.50392
5.56145
5.47065
5.40909
5.39092
5.37733
5.41421
5.46165
5.44566
5.43269
5.42102
5.40527
5.4632
5.46816
5.43245
5.50962
5.47122
5.44
5.45558
5.41467
5.40241
5.41324
5.52741
5.45117
5.38919
5.38118
5.32496
5.38169
5.34999
5.42062
5.43071
5.4264
5.43503
5.47361
5.45926
5.44978
5.4616
5.51492
5.48675
5.47815
5.53124
5.54715
5.47484
5.49618
5.51512
5.49321
5.43118
5.49068
5.47254
5.50658
5.57771
5.58124
5.54912
5.62722
5.72597
5.74432
5.83917
5.80937
5.92665
6.08774
6.13367
6.11295
6.23788
6.26144
6.33222
6.40967
6.4749
6.44524
6.56627
6.58313
6.67954
6.73793
6.85215
6.96001
7.01989
7.00072
7.18004
7.26481
7.29925
7.43659
7.33326
7.36808
7.36174
7.2979
7.31525
7.28808
7.28351
7.30744
7.27605
7.15219
7.11087
7.22336
7.16522
7.18229
7.15533
7.06346
7.04048
7.08741
6.97185
7.16378
7.09432
7.02538
6.95797
6.93471
6.89358
6.97891
7.01535
7.03199
7.03141
6.87915
6.96905
7.00697
7.04449
7.11627
7.20989
7.33483
7.37683
7.52353
7.4945
7.47908
7.55463
7.56518
7.60805
7.60992
7.7092
7.74993
7.79506
7.83611
7.92898
7.82725
7.85966
7.95693
7.92571
8.0027
7.97362
8.02744
7.96438
7.97954
8.05229
8.08806
8.11623
8.09975
8.04672
8.09685
8.03985
7.90132
7.89466
7.76197
7.72008
7.72982
7.73417
7.66409
7.54493
7.53456
7.4133
7.37547
7.3051
7.20513
7.14624
7.0597
7.01821
6.87192
6.89053
6.76766
6.77327
6.67107
6.6117
6.53044
6.42318
6.4171
6.32877
6.21636
6.22399
6.14078
6.02712
6.05463
6.00334
5.96237
6.00435
5.96768
5.85868
5.86118
5.93547
5.93403
5.95865
6.00951
5.99006
6.00925
5.99556
5.97538
5.98
6.08857
6.08888
6.04197
6.04345
6.04893
6.02453
5.93726
6.00832
5.9611
5.97614
6.01962
5.94972
5.93887
5.96241
5.90809
5.94336
5.99536
5.99903
5.97547
6.03973
6.01708
5.99378
5.99089
5.90478
5.89663
5.99755
5.93974
5.87907
5.88504
5.87342
5.85267
5.8393
5.83432
5.83227
5.81312
5.84368
5.93089
5.8636
5.85821
5.87053
5.92672
5.94916
5.96519
5.99047
6.05923
6.02532
5.97329
5.9229
6.017
6.005
6.04937
6.03803
6.03613
6.1327
6.06041
5.94625
6.03261
6.1134
6.17234
6.17216
6.11188
6.13352
6.26428
6.26385
6.29116
6.28435
6.28455
6.29217
6.28429
6.32329
6.22934
6.27835
6.20179
6.20869
6.19812
6.19073
6.26139
6.30478
6.2488
6.25373
6.18909
6.1789
6.16084
6.13557
6.227
6.25405
6.19418
6.24573
6.21649
6.25616
6.29485
6.28054
6.21439
6.21585
6.24314
6.18466
6.21841
6.20242
6.31929
6.25739
6.32649
6.24523
6.26621
6.22949
6.288
6.28098
6.19714
6.21447
6.19451
6.19715
6.22194
6.22621
6.1774
6.19752
6.18131
6.18
6.19103
6.13636
6.14068
6.10515
6.10331
6.10208
6.04957
6.05025
6.01014
6.03473
5.99156
5.97997
5.92604
5.95596
5.94098
6.00434
6.05645
6.07166
6.00576
6.0198
6.09206
6.05641
6.08481
6.0604
6.01739
6.05374
6.14494
6.18729
6.18737
6.19409
6.26045
6.25564
6.23794
6.25857
6.21136
6.24296
6.28542
6.27612
6.28466
6.33097
6.34003
6.3478
6.30278
6.29341
6.29157
6.2981
6.29852
6.29548
6.30366
6.29895
6.28612
6.25774
6.25774
