20.9947
20.8322
20.3014
20.7582
20.4785
20.2324
20.0252
20.1025
20.1228
20.1923
20.2
20.2227
20.2133
20.1171
20.5923
20.5436
21.1205
20.9873
20.8802
20.9229
20.8939
20.8427
20.7486
20.7236
20.7104
20.702
20.6813
20.6785
20.6554
20.5919
20.5821
20.5715
20.6061
20.5521
20.5708
20.565
20.6468
20.6401
20.8072
21.0422
21.0617
21.0505
21.0471
21.0458
20.7745
20.854
20.6768
20.7317
20.7799
20.7493
20.7382
20.7016
20.7092
20.7356
20.737
20.7548
20.7038
20.7542
20.7626
20.7898
20.7848
20.7677
20.9546
20.9214
20.9322
20.9666
20.9513
20.9216
20.735
20.4762
20.4661
20.442
20.4201
20.4594
20.4385
20.4225
20.247
20.247
20.252
20.2138
20.2342
20.2923
20.358
20.3311
20.299
20.2626
20.3388
20.2152
20.2509
20.2175
20.245
20.2353
20.0408
20.0519
19.9931
20.049
20.044
20.0136
20.0506
20.0545
20.043
20.0542
20.0826
20.0911
20.1368
20.0573
20.0495
20.3778
20.358
20.3834
20.5824
20.5637
20.7571
21.094
21.0859
21.0944
21.1022
21.1184
21.0321
21.1493
21.1065
21.1395
21.5073
21.496
21.5546
21.4629
21.4645
21.7495
21.7329
21.7491
21.946
21.9563
21.9541
21.9543
21.9691
22.2566
22.2822
22.1277
22.1038
22.0455
21.7853
21.8203
21.6141
21.2738
21.3124
21.2997
21.2662
21.5311
21.5208
21.4866
21.4901
21.4998
21.0829
21.1397
21.0798
21.146
21.1209
20.8966
20.8388
20.7691
20.5187
20.5672
20.5699
20.5869
20.533
20.2227
20.2321
20.0409
20.0698
20.1353
20.173
20.1421
20.1359
20.1467
20.0883
20.0452
19.9949
19.812
19.815
19.7873
19.7951
19.7645
19.797
20.0927
20.1404
20.3541
20.3572
20.3771
20.4433
20.493
20.5496
20.4935
20.4988
20.4646
20.5191
20.5675
20.5609
20.557
20.5644
20.5336
20.7663
20.7707
20.7669
20.7576
20.7837
20.8119
20.8134
20.7731
20.8136
20.819
21.1292
21.1456
21.1441
20.7615
20.818
20.5662
20.5204
20.7047
20.6687
20.6877
20.628
20.6573
20.6364
20.5979
20.6369
20.6051
20.5537
20.6006
20.5976
20.6158
20.3492
20.314
20.3548
20.3465
20.3698
20.4099
20.4533
20.4419
20.4476
20.3975
20.0406
20.0517
20.2431
20.31
20.2579
20.2324
20.3272
20.1235
20.1153
20.059
20.0709
20.097
20.1116
20.1809
20.1361
20.1739
20.2302
20.4564
20.438
20.483
20.5464
20.7696
20.7149
20.74
20.7811
20.7779
20.7998
20.8123
20.831
20.9058
20.9064
20.905
20.7449
20.7381
20.7634
20.8031
20.7638
20.7636
20.8122
20.8518
20.9028
20.8555
20.8096
20.7474
20.7761
20.7794
20.8715
20.5775
20.5594
20.6108
20.547
20.392
20.3598
20.4092
20.3553
20.3392
20.3237
20.3196
20.3085
20.2309
20.2246
20.2559
20.1948
20.1388
20.1653
20.159
20.1636
20.14
20.0774
20.1251
20.1111
20.0723
20.1768
20.2632
20.2248
20.2487
20.1541
20.2219
20.2571
20.1893
20.2523
20.2429
20.4939
20.4039
20.3829
20.359
20.3288
20.3016
20.2809
20.3669
20.3915
20.4207
20.453
20.4828
20.4248
20.4751
20.4481
20.5141
20.5826
20.5763
20.5631
20.6465
20.6119
20.5602
20.6263
20.5859
20.552
20.5523
20.6336
20.6379
20.6305
20.6442
20.4749
20.4831
20.566
20.583
20.6541
20.7065
20.7656
20.7155
20.7937
20.7631
20.7679
20.8305
20.8675
20.8143
20.8854
20.8325
20.7982
20.8344
20.8941
20.9087
20.9224
20.9795
20.9037
20.9043
20.9976
20.986
20.9364
20.8904
20.9207
20.9183
20.8637
20.9111
20.8956
20.8876
20.878
20.8336
20.8572
20.8774
20.7914
20.7228
20.7627
20.693
20.6463
20.6455
20.8175
20.8248
20.8771
20.7726
20.7134
20.7251
20.6725
20.6553
20.6963
20.7332
20.6493
20.6918
20.6754
20.6769
20.6831
20.6312
20.6311
20.6758
20.6364
20.6938
20.6438
20.7057
20.6794
20.6532
20.7296
20.738
20.786
20.8043
20.8065
20.8821
20.6804
20.7142
20.6605
20.7353
20.7881
20.7339
20.7915
20.7901
20.8113
20.7679
20.7684
20.7483
20.7779
20.7706
20.7999
20.8074
20.8979
20.8053
20.8017
20.7479
20.8334
20.8104
21.0372
21.0468
21.0299
21.0173
21.0024
21.0149
21.0859
21.0471
21.0625
20.9966
21.0991
21.0407
21.0417
21.0513
20.983
21.0268
21.0191
21.0153
21.0713
21.0108
21.0335
21.066
21.0133
21.0556
20.9616
20.958
20.9444
21.0111
20.923
21.0464
20.8428
20.8632
20.811
20.8881
20.8608
20.8409
20.829
20.7879
20.832
20.8765
20.7701
20.8532
20.8116
20.8453
20.8635
20.8833
20.8433
20.8509
20.7946
20.8125
20.7996
20.78
20.7545
20.8086
21.1401
21.1807
21.2293
21.2105
21.2605
21.1489
21.1619
21.2451
21.3491
21.3482
21.4213
21.5106
21.5654
21.6572
21.6448
21.7274
21.8414
21.812
21.8603
21.8863
21.9233
21.8605
21.8937
21.9356
21.985
22.0744
22.0574
22.155
22.2386
22.2252
21.9632
22.3993
22.4068
22.4345
22.4829
22.4814
22.5079
22.471
22.6545
22.6182
22.6884
22.6082
22.5534
22.4733
22.4813
22.3969
22.2693
22.2849
22.2127
22.1577
22.0947
22.0405
21.978
22.014
21.9829
21.8599
21.7813
21.7389
21.6124
21.5034
21.527
21.0585
20.9902
20.9025
20.8806
20.8238
20.7443
20.6544
20.428
20.4336
20.2201
20.1826
20.1001
20.165
20.0372
20.0504
20.0387
19.9498
20.1721
20.1442
20.175
20.2139
20.2494
20.1374
20.3121
20.3445
20.3895
20.3178
20.3546
20.3958
20.2741
20.3322
20.3229
20.3683
20.3222
20.3072
20.3025
20.2885
20.2103
20.2249
20.2193
20.2243
20.3052
20.2394
20.2879
20.3523
20.359
20.3599
20.2282
20.2348
20.2617
20.2743
20.287
20.3072
20.1047
20.0797
20.0639
20.1124
20.2134
20.2462
20.3589
20.3315
20.4256
20.4452
20.4804
20.5113
20.5699
20.5984
20.7028
20.6928
20.7347
20.7587
20.7078
20.7599
20.7918
20.7298
20.7736
20.8459
20.7659
20.787
20.7318
20.9717
20.9167
20.971
20.9372
20.9698
20.9582
20.858
20.6932
20.6941
20.5723
20.5637
20.4448
20.3964
20.3345
20.3577
20.2622
20.2505
20.1637
20.075
20.1001
20.0477
20.0716
20.0176
19.9611
19.8641
19.8399
20.0173
19.9972
19.9491
19.9886
19.6953
19.727
19.6978
19.6898
19.8822
19.8523
19.9539
19.9626
19.9603
19.9982
19.9782
20.0693
20.0747
20.093
20.0877
20.1004
20.1351
20.1368
20.1893
20.144
20.1489
20.1607
20.113
20.1644
20.166
20.2169
19.9789
20.01
20.0289
20.0299
20.0471
20.0836
20.0792
20.1467
19.8977
19.9771
19.9532
19.9651
19.8847
19.8576
19.915
19.8467
19.8992
19.8906
19.8472
19.8083
19.8409
19.8134
19.8756
19.8608
19.9352
19.941
19.9952
19.9819
20.006
19.9776
20.0201
19.9918
20.0251
19.9778
19.949
19.9873
20.0155
20.0579
20.1224
20.1096
20.1324
20.1471
20.1502
20.2514
20.2051
20.2134
20.1378
20.1735
20.2453
20.26
20.2819
20.3325
20.2947
20.2995
20.3446
20.3007
20.2749
20.2258
20.3295
20.2904
20.3139
20.3164
20.3091
20.3127
20.3147
20.2182
20.2463
20.1625
20.1132
20.1594
20.1401
20.147
20.2387
20.1914
20.2249
20.2392
20.3132
20.3056
20.2578
20.3209
20.2335
20.2869
20.2548
20.3219
20.2427
20.2953
20.303
20.3152
20.2775
20.2829
20.2195
20.4587
20.4523
20.4595
20.4805
20.5872
20.55
20.5709
20.6753
20.5957
20.6218
20.6316
20.6418
20.6181
20.6227
20.6192
20.5996
20.5874
20.6179
20.5513
20.5409
20.5383
20.5577
20.5337
20.5766
20.5651
20.5428
20.5257
20.5579
20.5829
20.6014
20.4044
20.34
20.4254
20.3888
20.3237
20.331
20.3572
20.2765
20.2849
20.1978
20.1744
20.0636
20.036
20.0049
20.2539
20.2026
20.2043
20.1411
20.1449
20.2321
20.1743
20.1869
20.1907
20.1284
20.1597
20.2215
20.2273
20.1319
20.0954
20.1326
20.0862
20.1568
20.0674
20.1404
20.14
20.146
20.1542
20.203
20.18
20.2608
20.2884
20.3852
20.4049
20.4608
20.2108
20.2617
20.2268
20.3249
20.3647
20.2948
20.3291
20.2944
20.2579
20.3832
20.305
20.2625
20.3584
20.3911
20.4061
20.4237
20.4764
20.42
20.4853
20.4928
20.7209
20.6933
20.657
20.6459
20.6511
20.6847
20.6846
20.685
20.6835
20.6821
20.6823
20.7262
20.7278
20.706
20.7205
20.7694
20.7639
20.7698
20.8503
20.7825
20.822
20.8691
20.7802
20.8087
20.8012
20.778
20.7892
20.7998
20.908
20.9078
20.6492
20.6325
20.6323
20.6509
20.6674
20.6629
20.6967
20.6962
20.7603
20.6866
20.8021
20.7254
20.7377
20.9517
20.9292
20.9394
20.9092
20.919
20.9514
20.9336
20.9594
20.9405
21.0222
21.0447
21.3147
21.2821
21.3195
21.3896
21.2589
21.2377
21.3547
21.3767
21.4574
21.4394
21.4693
21.4244
21.4767
21.4547
21.4387
21.5282
21.4664
21.6079
21.6825
21.4809
21.5272
21.5454
21.6705
21.761
21.7832
21.926
22.0099
22.1545
22.2483
22.387
22.3346
22.5106
22.6253
22.7477
22.9004
23.0729
23.1562
23.3389
23.4165
23.581
23.728
23.8341
23.8749
23.9468
24.1548
24.1846
24.2377
24.1728
24.1599
24.1832
24.1759
24.1929
24.1384
24.136
24.102
24.0062
23.9085
23.8519
23.7496
23.607
23.4566
23.4184
23.3236
23.2184
23.1245
22.9846
22.9131
22.788
22.7236
22.6156
22.5332
22.6193
22.5887
22.6163
22.4507
22.4775
22.5127
22.5861
22.6665
22.7262
22.8461
22.9023
22.9815
23.0206
23.0802
23.1377
23.3272
23.3784
23.5035
23.5911
23.7031
23.76
23.8308
23.9305
24.0209
24.1272
24.2124
24.3466
24.4408
24.5423
24.5969
24.5686
24.8368
24.8459
24.8652
24.8488
24.8581
24.8109
24.7581
24.7179
24.6172
24.5406
24.4675
24.4087
24.3017
24.2824
24.0904
24.0293
23.921
23.8413
23.7654
23.619
23.4929
23.3417
23.2005
23.1268
22.9512
22.7631
22.6968
22.5301
22.3967
22.3193
22.0104
21.8774
21.8519
22.0077
21.879
21.8536
21.8153
21.758
21.7629
21.6967
21.6843
21.6584
21.6768
21.6206
21.6315
21.5391
21.5405
21.5337
21.4463
21.4469
21.4555
21.4764
21.4819
21.3986
21.5138
21.5328
21.4207
21.4596
21.4565
21.3491
21.3025
21.3858
21.3618
21.0921
21.1003
21.0995
21.3198
21.2932
21.2314
21.303
21.2846
21.2536
21.202
21.2433
21.2631
21.3143
21.253
21.212
21.2319
21.2658
21.2802
21.291
21.2907
21.3622
21.2717
21.2448
21.2506
21.4028
21.3951
21.4016
21.4899
21.4087
21.4564
21.4812
21.4836
21.4881
21.2653
21.2675
21.3441
21.3342
21.2926
21.3662
21.4267
21.3537
21.3581
21.3585
21.4184
21.5444
21.5644
21.5128
21.4674
21.4758
21.463
21.453
21.4125
21.4761
21.5432
21.3443
21.428
21.4809
21.4058
21.4726
21.4498
21.4336
21.4328
21.4262
21.4343
21.4648
21.4563
21.4235
21.4394
21.4397
21.3851
21.3979
21.3507
21.3828
21.3883
21.2767
21.263
21.2419
21.3101
21.3253
21.3543
21.3826
21.401
21.3519
21.3669
21.3686
21.305
21.3549
21.367
21.3101
21.2677
21.341
21.351
21.2995
21.2729
21.3292
21.2773
21.3183
21.361
21.2928
21.3021
21.3475
21.3708
21.3346
21.2621
21.2407
21.2985
21.2797
21.2615
21.2341
21.1856
21.101
21.0755
21.0538
21.015
21.0324
21.0398
20.9521
20.9508
20.9298
20.9624
20.9125
20.9388
20.9162
20.9434
20.841
20.8048
20.814
20.7771
20.7916
20.7672
20.7873
20.7778
20.7873
20.7933
20.7961
20.9654
20.9657
20.9754
20.9702
21.0273
21.0902
21.0875
21.1422
21.3482
21.3564
21.3293
21.3876
21.3936
21.4399
21.4336
21.3979
21.4352
21.4314
21.45
21.454
21.5179
21.4291
