13.1017
13.355
13.1223
13.9863
13.6673
13.6245
13.574
13.5841
13.5699
13.5606
13.5365
13.5626
13.5419
13.5492
13.5359
13.5316
13.5399
13.5422
13.482
13.4216
13.4212
13.4333
13.4388
13.4297
13.4292
13.3937
13.4048
13.4047
13.4279
13.4281
13.4508
13.4744
13.5216
13.4083
13.4528
13.421
13.446
13.4653
13.5668
13.5559
13.5737
13.562
13.5516
13.5551
13.5519
13.5583
13.5451
13.506
13.5199
13.5598
13.5676
13.5623
13.5677
13.5898
13.6084
13.645
13.6443
13.6496
13.6359
13.63
13.5816
13.5324
13.5144
13.5183
13.5164
13.5472
13.5086
13.4427
13.3593
13.3653
13.3464
13.3349
13.3411
13.3191
13.3299
13.2866
13.298
13.3415
13.3278
13.3503
13.3424
13.3382
13.3112
13.3048
13.25
13.2494
13.273
13.2716
13.2536
13.2729
13.3049
13.3194
13.317
13.3236
13.3178
13.321
13.3397
13.3873
13.3856
13.3988
13.4132
13.4312
13.4049
13.4589
13.4125
13.4789
13.4745
13.4231
13.4924
13.4743
13.4876
13.4901
13.5048
13.4817
13.5121
13.5426
13.5189
13.4799
13.5183
13.5075
13.5008
13.5147
13.5241
13.5295
13.5368
13.5425
13.5479
13.5553
13.5035
13.4956
13.4532
13.4681
13.5076
13.4622
13.5108
13.4866
13.4931
13.5407
13.4725
13.4668
13.4426
13.4405
13.4489
13.456
13.4691
13.4413
13.4285
13.4561
13.424
13.4118
13.4138
13.4222
13.41
13.4044
13.3934
13.3818
13.3688
13.365
13.399
13.3986
13.4365
13.4058
13.3991
13.4129
13.4056
13.4028
13.3987
13.4058
13.439
13.3974
13.4061
13.4018
13.3987
13.3949
13.3954
13.3439
13.3531
13.3647
13.3719
13.39
13.4059
13.3867
13.3958
13.3923
13.4057
13.4132
13.4291
13.4207
13.4275
13.4241
13.4292
13.4302
13.4314
13.4257
13.4309
13.384
13.3695
13.4389
13.4597
13.4887
13.5007
13.5268
13.4829
13.4769
13.4945
13.5437
13.5404
13.5466
13.5476
13.497
13.5227
13.5325
13.538
13.5565
13.5671
13.5257
13.5106
13.5227
13.5249
13.5639
13.5221
13.5574
13.5502
13.5525
13.5557
13.6061
13.6279
13.5562
13.5393
13.5551
13.5518
13.5499
13.6043
13.6301
13.6438
13.6413
13.6723
13.6778
13.6914
13.7462
13.7484
13.7097
13.6919
13.6436
13.6379
13.717
13.7285
13.7316
13.6931
13.6441
13.6888
13.6271
13.6864
13.712
13.7052
13.7
13.699
13.6945
13.66
13.6894
13.6941
13.6782
13.6794
13.6799
13.6522
13.6175
13.6176
13.5923
13.5769
13.5528
13.5321
13.5565
13.5754
13.6104
13.5893
13.5454
13.5356
13.518
13.55
13.5268
13.5441
13.5754
13.5327
13.5263
13.5382
13.505
13.4966
13.4853
13.5167
13.4749
13.4772
13.4755
13.4541
13.4566
13.4403
13.4799
13.4586
13.4769
13.4788
13.4558
13.4026
13.403
13.3811
13.3487
13.3321
13.3514
13.3666
13.3808
13.3813
13.4248
13.3573
13.3758
13.3732
13.3109
13.2795
13.3119
13.3202
13.3325
13.3544
13.333
13.3249
13.3284
13.3353
13.3363
13.3522
13.3568
13.3644
13.3755
13.3955
13.46
13.512
13.5337
13.5612
13.5656
13.6242
13.6249
13.5894
13.5962
13.5886
13.6174
13.7036
13.7614
13.7756
13.8304
13.8501
13.8692
13.8775
13.8841
13.8823
13.8903
13.927
13.9239
13.9189
14.0065
13.9874
13.9828
13.9732
13.9719
13.9496
13.9239
13.9364
13.9374
13.8974
13.9568
13.9373
13.9405
13.9681
13.9674
13.9919
13.9757
13.9449
13.8454
13.843
13.8362
13.8541
13.8502
13.8373
13.7958
13.7896
13.8218
13.7565
13.7717
13.752
13.6756
13.7053
13.706
13.7128
13.6859
13.7333
13.7328
13.6782
13.6731
13.6918
13.6748
13.6618
13.6569
13.6214
13.6128
13.6142
13.5798
13.5815
13.6036
13.606
13.6093
13.6004
13.604
13.6151
13.6512
13.6321
13.6598
13.689
13.6908
13.7385
13.7217
13.7108
13.7193
13.7164
13.7464
13.7084
13.7009
13.7502
13.7527
13.7579
13.7451
13.7495
13.7456
13.7884
13.7884
13.7803
13.818
13.8206
13.8462
13.8518
13.8526
13.8808
13.8894
13.8899
13.898
13.9243
13.8934
13.905
13.8961
13.8819
13.879
13.8881
13.8797
13.8763
13.8686
13.875
13.8973
13.8971
13.8998
13.8727
13.9134
13.9132
13.9112
13.9383
13.9404
13.9732
13.975
13.9694
13.9648
13.955
13.9569
13.894
13.9135
13.9147
13.9177
13.9049
13.9136
13.9137
13.9172
13.9274
13.9417
13.956
13.9532
13.9693
13.975
13.9714
13.9726
13.9652
13.9614
13.9884
13.9459
13.9444
13.9459
13.9069
13.9083
13.9014
13.895
13.8825
13.8839
13.8475
13.8283
13.857
13.7894
13.8158
13.8153
13.8283
13.8361
13.8054
13.7792
13.7726
13.7623
13.756
13.792
13.7598
13.7794
13.7912
13.7945
13.7765
13.8086
13.8057
13.7993
13.826
13.8262
13.864
13.8849
13.8424
13.8733
13.8954
13.9037
13.9582
13.9925
13.9793
14.0273
14.016
14.0309
14.0445
14.0467
14.092
14.095
14.1179
14.1334
14.1384
14.0848
14.1419
14.1148
14.1148
14.1189
14.1499
14.1121
14.0913
14.0921
14.0928
14.0547
14.0545
14.0289
14.0526
14.0177
14.0215
14.0245
13.9855
13.9572
13.9623
13.9439
13.9026
13.8706
13.8723
13.841
13.8344
13.8503
13.8202
13.8077
13.7882
13.839
13.7535
13.7733
13.7335
13.7189
13.7085
13.711
13.7397
13.7637
13.7317
13.7614
13.7231
13.7085
13.6519
13.6167
13.6183
13.5902
13.5918
13.5801
13.5784
13.5758
13.585
13.5807
13.5436
13.563
13.5454
13.5584
13.5524
13.5511
13.5435
13.4661
13.5306
13.5042
13.5201
13.4915
13.4812
13.4723
13.4785
13.4265
13.3909
13.4155
13.4278
13.4424
13.4971
13.5523
13.5345
13.5412
13.5601
13.5403
13.5759
13.5455
13.5424
13.5647
13.5741
13.5457
13.5933
13.5917
13.6173
13.6445
13.6802
13.7575
13.7493
13.7248
13.7164
13.7043
13.7516
13.7325
13.7344
13.7827
13.798
13.8072
13.8184
13.8281
13.8114
13.7511
13.766
13.7283
13.6776
13.7295
13.666
13.716
13.7131
13.6879
13.6574
13.6296
13.5766
13.5622
13.5394
13.536
13.5283
13.4485
13.428
13.4507
13.4667
13.4974
13.4036
13.4536
13.443
13.4312
13.4526
13.4193
13.3583
13.3089
13.3115
13.3532
13.2803
13.3302
13.3698
13.3475
13.3862
13.3948
13.3573
13.3895
13.3957
13.4446
13.4487
13.442
13.4402
13.4096
13.3793
13.4384
13.4283
13.4127
13.4016
13.3627
13.4374
13.4116
13.4128
13.4032
13.405
13.4078
13.4503
13.4846
13.4882
13.4763
13.5201
13.4979
13.4812
13.4761
13.4799
13.4477
13.4999
13.4807
13.4997
13.4606
13.4895
13.5012
13.5229
13.49
13.4537
13.4654
13.4396
13.4852
13.4792
13.5299
13.5136
13.5191
13.5243
13.543
13.5773
13.5651
13.5796
13.5859
13.574
13.5554
13.5637
13.533
13.5822
13.5971
13.6006
13.6127
13.6116
13.6177
13.6228
13.6204
13.6209
13.6219
13.6166
13.6519
13.6912
13.6266
13.6813
13.6582
13.6373
13.6358
13.6194
13.5989
13.5565
13.5719
13.5434
13.5622
13.5588
13.5656
13.5778
13.5971
13.5933
13.6371
13.6
13.5948
13.5855
13.5772
13.5718
13.5708
13.564
13.5727
13.5498
13.5346
13.5467
13.5539
13.5623
13.6024
13.5485
13.5578
13.6043
13.6094
13.6257
13.6522
13.6542
13.6614
13.6715
13.6782
13.6418
13.5954
13.6023
13.6111
13.615
13.6219
13.6375
13.6321
13.6276
13.6154
13.5869
13.6076
13.5704
13.6386
13.6409
13.6892
13.6297
13.6569
13.6534
13.6601
13.7196
13.7041
13.6788
13.6708
13.7264
13.7082
13.7503
13.7439
13.7255
13.7318
13.8491
13.933
13.9196
13.8979
13.8957
13.8758
13.8662
13.8632
13.8752
13.9068
13.8933
13.8698
13.919
13.8794
13.8721
13.7987
13.8476
13.7779
13.7334
13.7447
13.6868
13.6474
13.6707
13.6752
13.6158
13.5878
13.6126
13.5965
13.6122
13.5934
13.4691
13.4456
13.4078
13.4499
13.459
13.4503
13.4556
13.4628
13.4913
13.4814
13.536
13.5382
13.5458
13.5509
13.5566
13.6149
13.6059
13.6341
13.6346
13.5852
13.6717
13.7234
13.7159
13.7169
13.7278
13.7768
13.7137
13.7065
13.6817
13.6983
13.74
13.7071
13.7639
13.7455
13.6982
13.7271
13.7233
13.7086
13.6822
13.6412
13.6463
13.6511
13.5993
13.6934
13.7016
13.6994
13.7081
13.6821
13.7016
13.766
13.7371
13.7302
13.7444
13.706
13.7196
13.7089
13.7423
13.7365
13.8005
13.7659
13.7288
13.717
13.6839
13.7127
13.7651
13.7585
13.7645
13.7922
13.786
13.7844
13.7518
13.7072
13.7531
13.6897
13.641
13.646
13.6246
13.6587
13.7022
13.6801
13.6696
13.6719
13.6291
13.6639
13.6456
13.6455
13.6457
13.6738
13.6339
13.6694
13.712
13.7375
13.731
13.7025
13.6924
13.7034
13.7031
13.6939
13.7169
13.7687
13.81
13.8579
13.869
13.8537
13.9162
13.9174
13.9624
13.9934
13.9977
14.008
13.9945
14.0428
14.0622
14.0692
14.0924
14.1211
14.1658
14.1747
14.1953
14.2195
14.271
14.3027
14.3839
14.4396
14.4962
14.5303
14.5455
14.598
14.627
14.647
14.6846
14.7313
14.7574
14.7763
14.7762
14.7947
14.7878
14.7917
14.7728
14.7869
14.8239
14.7964
14.7917
14.7982
14.783
14.7844
14.7671
14.7617
14.7496
14.7216
14.7026
14.6893
14.6497
14.6189
14.5916
14.5613
14.5335
14.5318
14.5196
14.5148
14.4768
14.4455
14.3933
14.3721
14.3793
14.3714
14.3869
14.3913
14.424
14.44
14.4587
14.4473
14.5292
14.5807
14.5991
14.616
14.6333
14.637
14.6805
14.7204
14.72
14.7495
14.7792
14.8073
14.8437
14.8758
14.9253
14.9336
14.9388
14.9479
14.9909
15.0382
15.0587
15.0651
15.0694
15.0727
15.0546
15.0507
15.041
14.98
14.9487
14.9611
14.9175
14.8465
14.8356
14.8088
14.7639
14.7484
14.6901
14.6617
14.6616
14.6383
14.6113
14.5268
14.4851
14.4499
14.3797
14.3343
14.2904
14.267
14.2478
14.1881
14.1749
14.1307
14.0996
14.0685
14.0441
13.9845
13.9954
14.0166
13.9664
13.9516
13.9421
13.9578
13.9043
13.8874
13.8946
13.8444
13.8495
13.8201
13.7902
13.7293
13.7234
13.7573
13.6979
13.6852
13.7262
13.7161
13.7282
13.7251
13.6944
13.6817
13.6851
13.721
13.7035
13.7124
13.7372
13.734
13.698
13.7018
13.731
13.7403
13.7142
13.6961
13.7142
13.7531
13.7547
13.8038
13.8114
13.8285
13.8228
13.8243
13.8363
13.816
13.8646
13.8764
13.8835
13.8851
13.8744
13.8318
13.8299
13.8344
13.8423
13.8397
13.8198
13.7899
13.7998
13.8365
13.8384
13.8357
13.8377
13.819
13.807
13.7858
13.8148
13.7638
13.7454
13.7405
13.7481
13.7509
13.7133
13.7225
13.6663
13.749
13.7423
13.7395
13.7214
13.7307
13.7524
13.7867
13.7878
13.7828
13.7657
13.7682
13.8104
13.8414
13.81
13.8242
13.8188
13.7836
13.7623
13.7719
13.8091
13.8389
13.7988
13.8468
13.8655
13.8752
13.8786
13.8733
13.8839
13.9338
13.9387
13.8931
13.8911
13.9045
13.9276
13.9072
13.8877
13.8909
13.886
13.9054
13.9101
13.9179
13.9057
13.8965
13.9147
13.8954
13.913
13.9149
13.9748
13.939
13.9264
13.8913
13.9368
13.9086
13.9111
13.891
13.833
13.8054
13.8275
13.8064
13.8561
13.8425
13.8526
13.7943
13.7815
13.7516
13.7593
13.7575
13.751
13.743
13.7491
13.743
13.7119
13.6949
13.671
13.6984
13.6878
13.7201
13.6502
13.7007
13.6871
13.7296
13.6938
13.6884
13.693
13.7026
13.732
13.723
13.7069
13.7472
13.7411
13.7412
13.7367
13.7884
13.7916
13.8343
13.8298
13.8356
13.8361
13.7987
13.8117
13.7661
13.8302
13.8556
13.8277
13.8017
13.8067
13.813
13.8483
13.8216
13.8314
13.8344
