1.02415
164.172
208.291
233.322
248.267
258.239
265.376
270.74
274.881
278.212
280.922
283.189
285.117
286.785
288.254
289.524
290.647
291.621
292.498
293.305
294.017
294.691
295.264
295.807
296.289
296.752
297.188
297.587
297.951
298.303
308.534
307.9
308.294
308.28
308.288
308.289
308.29
308.3
308.299
308.31
308.318
308.331
308.387
308.382
308.359
308.356
308.347
308.341
308.383
308.368
308.376
308.348
308.365
308.365
308.398
308.415
308.424
308.444
308.453
308.439
308.448
308.463
308.465
308.474
308.488
308.504
308.512
308.504
308.518
308.515
308.513
308.5
308.46
308.469
308.486
308.497
308.529
308.557
308.538
308.557
308.553
308.576
308.573
308.575
308.56
308.543
308.522
308.496
308.505
308.517
308.527
308.523
308.514
308.526
308.518
308.515
308.5
308.504
308.504
308.508
308.532
308.539
308.541
308.539
308.545
308.537
308.514
308.503
308.49
308.483
308.477
308.476
308.478
308.472
308.462
308.463
308.483
308.485
308.468
308.457
308.458
308.445
308.441
308.424
308.408
308.394
308.396
308.387
308.389
308.383
308.358
308.341
308.329
308.322
308.299
308.277
308.252
308.238
308.223
308.224
308.225
308.223
308.218
308.214
308.23
308.242
308.238
308.25
308.266
308.28
308.279
308.302
308.315
308.347
308.383
308.4
308.397
308.398
308.409
308.402
308.4
308.42
308.424
308.426
308.425
308.44
308.445
308.473
308.481
308.475
308.477
308.459
308.452
308.457
308.453
308.441
308.421
308.408
308.398
308.405
308.397
308.383
308.383
308.355
308.316
308.299
308.315
308.319
308.307
308.31
308.321
308.326
308.325
308.331
308.334
308.329
308.337
308.311
308.311
308.303
308.303
308.296
308.305
308.313
308.303
308.328
308.36
308.383
308.399
308.391
308.414
308.41
308.414
308.436
308.476
308.496
308.522
308.531
308.528
308.546
308.546
308.542
308.559
308.574
308.596
308.617
308.636
308.661
308.684
308.707
308.724
308.764
308.786
308.792
308.815
308.794
308.779
308.778
308.778
308.796
308.806
308.824
308.836
308.834
308.818
308.813
308.799
308.788
308.806
308.807
308.816
308.832
308.825
308.817
308.808
308.829
308.855
308.862
308.853
308.853
308.858
308.839
308.827
308.838
308.831
308.853
308.859
308.856
308.848
308.845
308.828
308.81
308.81
308.808
308.81
308.827
308.831
308.842
308.825
308.806
308.805
308.794
308.786
308.778
308.777
308.743
308.701
308.691
308.693
308.705
308.691
308.692
308.692
308.656
308.648
308.62
308.626
308.626
308.629
308.621
308.618
308.631
308.612
308.613
308.618
308.598
308.602
308.593
308.602
308.613
308.608
308.61
308.627
308.624
308.625
308.633
308.644
308.626
308.609
308.593
308.597
308.601
308.6
308.634
308.637
308.65
308.624
308.596
308.595
308.586
308.579
308.564
308.568
308.572
308.558
308.573
308.564
308.573
308.577
308.566
308.572
308.56
308.548
308.552
308.549
308.548
308.538
308.554
308.556
308.551
308.542
308.54
308.545
308.531
308.533
308.539
308.544
308.557
308.555
308.562
308.579
308.599
308.609
308.595
308.607
308.6
308.601
308.614
308.608
308.612
308.61
308.622
308.611
308.621
308.62
308.603
308.615
308.607
308.616
308.614
308.608
308.6
308.59
308.595
308.61
308.608
308.61
308.597
308.605
308.601
308.588
308.585
308.574
308.567
308.563
308.565
308.566
308.576
308.587
308.594
308.598
308.593
308.584
308.579
308.574
308.598
308.598
308.607
308.618
308.624
308.635
308.643
308.658
308.653
308.637
308.633
308.638
308.669
308.667
308.661
308.675
308.689
308.702
308.723
308.722
308.722
308.7
308.673
308.653
308.65
308.643
308.65
308.686
308.676
308.691
308.68
308.663
308.679
308.664
308.66
308.666
308.663
308.661
308.665
308.677
308.672
308.675
308.663
308.649
308.65
308.628
308.603
308.585
308.567
308.57
308.582
308.607
308.625
308.629
308.627
308.618
308.621
308.599
308.604
308.606
308.598
308.623
308.596
308.604
308.621
308.609
308.608
308.598
308.577
308.566
308.564
308.563
308.555
308.565
308.574
308.585
308.59
308.602
308.616
308.623
308.604
308.624
308.609
308.607
308.642
308.649
308.664
308.72
308.726
308.721
308.729
308.713
308.714
308.709
308.705
308.717
308.735
308.745
308.779
308.822
308.835
308.843
308.855
308.878
308.876
308.884
308.886
308.881
308.86
308.834
308.831
308.797
308.795
308.806
308.763
308.757
308.735
308.675
308.674
308.659
308.662
308.679
308.731
308.767
308.773
308.759
308.736
308.721
308.72
308.688
308.683
308.672
308.655
308.625
308.625
308.605
308.613
308.613
308.591
308.6
308.603
308.619
308.626
308.625
308.654
308.693
308.732
308.773
308.817
308.863
308.906
308.932
308.923
308.92
308.955
309.008
309.072
309.152
309.185
309.22
309.257
309.293
309.332
309.366
309.372
309.397
309.393
309.421
309.489
309.537
309.577
309.594
309.623
309.642
309.648
309.648
309.632
309.611
309.57
309.557
309.535
309.528
309.516
309.501
309.489
309.482
309.452
309.416
309.402
309.384
309.362
309.343
309.335
309.333
309.344
309.337
309.328
309.305
309.267
309.231
309.206
309.187
309.175
309.17
309.178
309.187
309.192
309.208
309.227
309.248
309.253
309.265
309.284
309.296
309.293
309.287
309.296
309.295
309.29
309.262
309.24
309.236
309.209
309.187
309.177
309.164
309.147
309.131
309.127
309.114
309.119
309.123
309.107
309.086
309.052
309.015
308.985
308.941
308.943
308.92
308.895
308.843
308.822
308.784
308.733
308.694
308.654
308.617
308.583
308.568
308.569
308.553
308.542
308.535
308.5
308.49
308.504
308.506
308.512
308.52
308.491
308.457
308.451
308.44
308.429
308.456
308.439
308.436
308.432
308.405
308.392
308.435
308.408
308.405
308.405
308.389
308.381
308.371
308.374
308.39
308.386
308.385
308.409
308.408
308.428
308.45
308.46
308.465
308.461
308.452
308.449
308.462
308.465
308.488
308.498
308.468
308.48
308.492
308.469
308.469
308.481
308.444
308.446
308.439
308.449
308.487
308.51
308.528
308.532
308.532
308.538
308.553
308.557
308.577
308.6
308.62
308.632
308.664
308.696
308.724
308.743
308.763
308.779
308.778
308.794
308.801
308.815
308.83
308.832
308.856
308.879
308.894
308.9
308.927
308.944
308.933
308.928
308.927
308.929
308.945
308.957
308.968
308.975
308.98
308.974
308.952
308.947
308.917
308.893
308.874
308.872
308.867
308.859
308.858
308.856
308.856
308.842
308.834
308.84
308.829
308.806
308.796
308.792
308.787
308.769
308.773
308.782
308.793
308.802
308.787
308.788
308.767
308.737
308.718
308.705
308.706
308.698
308.694
308.706
308.711
308.699
308.694
308.682
308.668
308.642
308.63
308.626
308.616
308.607
308.604
308.61
308.605
308.582
308.555
308.545
308.526
308.507
308.481
308.454
308.424
308.394
308.388
308.388
308.369
308.351
308.322
308.307
308.3
308.273
308.259
308.252
308.225
308.214
308.217
308.233
308.237
308.24
308.235
308.229
308.207
308.189
308.178
308.186
308.188
308.195
308.199
308.212
308.219
308.229
308.245
308.258
308.262
308.26
308.277
308.286
308.288
308.296
308.317
308.337
308.344
308.351
308.363
308.36
308.355
308.345
308.349
308.355
308.347
308.343
308.359
308.367
308.38
308.389
308.389
308.384
308.371
308.348
308.359
308.358
308.367
308.36
308.367
308.365
308.358
308.362
308.365
308.371
308.343
308.338
308.348
308.362
308.375
308.396
308.401
308.414
308.405
308.398
308.41
308.417
308.418
308.405
308.398
308.402
308.414
308.439
308.459
308.483
308.494
308.505
308.505
308.512
308.512
308.528
308.553
308.556
308.572
308.591
308.607
308.697
308.814
308.895
308.918
308.935
308.972
308.995
309.038
309.074
309.113
309.144
309.173
309.212
309.241
309.427
309.435
309.432
309.437
309.441
309.423
309.431
309.453
309.494
309.514
309.548
309.559
309.589
309.602
309.59
309.608
309.564
309.437
309.308
309.221
309.132
309.03
308.94
308.845
308.748
308.639
308.554
308.452
308.365
308.278
308.031
307.962
307.886
307.803
307.733
307.667
307.597
307.512
307.413
307.325
307.232
307.161
307.082
307.021
306.956
306.881
306.794
306.739
306.704
306.701
306.681
306.674
306.679
306.699
306.743
306.782
306.81
306.858
306.898
306.942
306.975
307.006
307.035
307.103
307.167
307.216
307.242
307.292
307.329
307.375
307.401
307.426
307.446
307.468
307.508
307.546
307.579
307.605
307.66
307.726
307.789
307.858
307.929
307.952
307.961
308
308.02
308.038
308.087
308.087
308.088
308.131
308.149
308.141
308.166
308.165
308.174
308.164
308.155
308.14
308.125
308.097
308.089
308.073
308.048
307.998
307.926
307.934
307.912
307.886
307.874
307.861
307.817
307.805
307.774
307.729
307.707
307.693
307.652
307.64
307.654
307.627
307.636
307.638
307.563
307.528
307.493
307.509
307.537
307.539
307.546
307.555
307.518
307.499
307.477
307.485
307.503
307.454
307.42
307.381
307.342
307.278
307.227
307.179
307.136
307.1
307.055
306.999
306.944
306.892
306.845
306.783
306.713
306.655
306.622
306.589
306.557
306.497
306.428
306.378
306.352
306.318
306.323
306.316
306.304
306.292
306.274
306.275
306.285
306.273
306.307
306.327
306.341
306.36
306.388
306.395
306.39
306.391
306.381
306.391
306.382
306.384
306.617
306.855
306.958
307.043
307.238
307.341
307.402
307.485
307.54
307.616
307.672
307.733
307.885
308.139
308.355
308.485
308.556
308.637
308.684
308.755
308.837
308.897
308.969
309.045
309.131
309.228
309.332
309.415
309.504
309.6
309.451
309.293
309.263
309.271
309.169
309.144
309.169
309.186
309.21
309.23
309.251
309.26
309.183
309.01
308.878
308.822
308.836
308.846
308.834
308.849
308.834
308.83
308.819
308.817
308.814
308.797
308.771
308.767
308.755
308.745
308.758
308.755
308.778
308.78
308.787
308.794
308.766
308.74
308.718
308.693
308.684
308.684
308.676
308.661
308.641
308.631
308.608
308.581
308.572
308.533
308.519
308.519
308.516
308.505
308.488
308.465
308.452
308.431
308.406
308.381
308.344
308.338
308.312
308.358
308.367
308.358
308.378
308.402
308.414
308.425
308.437
308.437
308.46
308.488
308.514
308.531
308.531
308.538
308.551
308.572
308.606
308.621
308.64
308.656
308.675
308.704
308.738
308.763
308.806
308.828
308.851
308.862
308.872
308.806
308.789
308.785
308.792
308.798
308.8
308.796
308.8
308.803
308.787
308.774
308.77
308.771
308.78
308.802
308.81
308.818
308.836
308.824
308.824
308.828
308.825
308.828
308.822
308.809
308.799
308.795
308.792
308.791
308.792
308.823
308.822
308.811
308.794
308.775
308.763
308.77
308.757
