100.468
54.2984
39.0958
31.3765
27.1029
24.2841
22.1109
20.5135
19.2225
18.2085
17.3652
16.61
16.0509
15.5565
15.085
14.7155
14.372
14.0724
13.8148
13.5637
13.365
13.1773
13.0101
12.8518
12.6989
12.5682
12.4469
12.3275
12.2297
12.1238
9.07773
9.08259
9.10636
9.14264
9.10588
9.07565
9.07477
9.07204
9.08488
9.09133
9.0763
9.13635
9.12237
9.11328
9.13548
9.14657
9.14829
9.14527
9.13575
9.13687
9.10404
9.10424
9.10099
9.06561
9.08375
9.08068
9.06971
9.06093
9.03864
9.03447
9.00117
9.04467
9.04272
9.04183
9.04166
9.04068
9.05819
9.05069
9.03566
9.03972
9.06456
9.02595
9.04603
9.0498
9.05346
9.04281
9.05474
9.05513
9.07133
9.0434
9.07233
9.06427
9.06372
9.09772
9.07062
9.03505
9.03747
9.04268
9.05978
9.06838
9.09542
9.07809
9.05664
9.05644
9.06974
9.02378
9.00545
8.9915
9.03213
9.0246
9.00717
9.006
9.00015
8.96656
8.96336
8.97258
8.97526
8.98094
8.97985
9.0243
9.01382
8.98385
8.98618
8.98643
8.99773
8.98731
8.99945
9.00872
8.95925
8.95532
8.95124
8.94204
8.91435
8.91101
8.90216
8.93395
8.92459
8.93482
8.90689
8.89249
8.86367
8.85054
8.85025
8.88036
8.85055
8.84241
8.8487
8.88188
8.84067
8.83812
8.8459
8.87971
8.87783
8.86541
8.87495
8.87544
8.86576
8.86446
8.91274
8.92249
8.94256
8.9659
8.99376
8.99716
8.9645
8.97362
8.98316
8.97878
8.98436
9.00693
9.00465
9.00758
9.00587
9.01116
9.0267
9.02133
9.01098
8.96558
9.01086
9.00512
8.96015
8.97062
8.95983
8.93019
8.91921
8.95029
8.92785
8.93056
8.8834
8.87704
8.87554
8.85671
8.84454
8.84043
8.88329
8.88593
8.91414
8.95267
8.9437
8.89312
8.94525
8.94933
8.94808
8.9576
8.97099
8.96263
8.92466
8.94262
8.88916
8.89798
8.92838
8.92
8.96564
9.00568
8.9723
8.96096
9.00591
8.98937
9.03114
9.03203
9.03387
9.04439
9.06159
9.03917
9.04162
9.04779
9.03341
8.97486
8.98248
9.01508
8.973
8.96939
8.93641
8.93039
8.9305
8.93563
8.95868
8.96109
9.05178
9.01255
9.03374
9.02273
8.98749
8.99192
9.01623
9.00646
8.95102
8.96838
8.95561
8.95271
8.93921
8.93561
8.93394
8.95314
8.94848
8.93188
8.90861
8.90989
8.90518
8.91747
8.91144
8.92809
8.95628
8.96151
8.96582
8.97596
8.97243
8.96487
8.90181
8.89942
8.89757
8.91213
8.87407
8.86989
8.88546
8.92638
8.95341
8.93406
8.91348
8.91362
8.91299
8.92042
8.93502
8.93962
8.92292
8.93059
8.93265
8.95205
8.93945
8.93356
8.93351
8.94336
8.93536
8.92482
8.88598
8.88643
8.89009
8.89116
8.89153
8.92227
8.91551
8.89823
8.94137
8.90007
8.86406
8.85884
8.86059
8.88625
8.91257
8.88148
8.88902
8.88894
8.88001
8.86627
8.84479
8.84618
8.85647
8.8616
8.87504
8.87777
8.88448
8.87462
8.84311
8.85188
8.84309
8.83448
8.83257
8.79692
8.8158
8.81987
8.8227
8.80129
8.77393
8.81979
8.85812
8.8715
8.88403
8.9183
8.92663
8.95269
8.95474
8.94458
8.93825
8.95654
9.00749
9.0424
9.03219
9.04797
9.04713
9.05069
9.05118
9.04357
9.0726
9.07162
9.09323
9.10532
9.10867
9.12283
9.12417
9.09085
9.09325
9.08898
9.12038
9.08432
9.08105
9.03907
9.03704
8.9903
8.99313
9.00747
8.99481
8.96578
8.99102
8.99591
8.98044
8.90684
8.92068
8.90412
8.8973
8.90179
8.89631
8.90575
8.90889
8.91978
8.90315
8.90283
8.9258
8.91666
8.91978
8.95489
8.96151
8.99187
8.97203
9.00913
9.00788
9.03097
9.02595
8.99119
8.98548
8.96589
8.94275
8.9782
8.93405
8.92471
8.92793
8.95528
8.91414
8.90131
8.90226
8.85543
8.89847
8.9002
8.90922
8.90289
8.93809
8.90625
8.87097
8.90561
8.8984
8.90233
8.85332
8.88345
8.89677
8.89135
8.89147
8.86228
8.88694
8.96719
8.98132
8.96025
9.00252
9.0138
9.05198
9.06265
9.10387
9.11894
9.14851
9.16205
9.16882
9.2199
9.23063
9.22976
9.2146
9.1775
9.1943
9.23739
9.26558
9.26129
9.26203
9.25607
9.28416
9.26499
9.26412
9.25231
9.25624
9.2497
9.22683
9.17868
9.13506
9.17148
9.12299
9.11059
9.09983
9.09198
9.04078
9.0432
9.0568
9.07189
9.07163
9.06078
9.04057
9.03765
9.04654
9.08691
9.06466
9.04664
9.04023
9.03905
9.02564
9.02784
9.00797
8.96982
8.99755
9.01524
9.01336
9.05761
9.06384
9.06235
9.09069
9.09276
9.13725
9.15743
9.12176
9.12545
9.12988
9.08365
9.08751
9.08555
9.04411
9.04155
9.0549
9.04675
9.05403
9.04337
9.06179
9.06309
9.08225
9.09001
9.11157
9.12127
9.1137
9.14726
9.12635
9.12452
9.11234
9.09689
9.09154
9.07213
9.07783
9.06429
9.06569
9.01339
9.05477
9.03704
9.02848
9.04051
9.0392
9.02342
9.0705
9.06651
9.066
9.0428
9.05235
9.06974
9.03571
9.04359
9.03979
9.00828
9.00946
9.00099
9.0325
9.03278
9.02401
9.01136
9.01407
9.02889
9.03
9.05758
9.01957
9.03073
9.01294
9.04093
9.03729
9.0169
9.02509
9.04682
9.05182
9.07475
9.09135
9.11815
9.10802
9.14619
9.10332
9.09207
9.12308
9.0789
9.06948
9.09912
9.07884
9.05759
9.06585
9.07051
9.04406
9.05315
9.03919
9.03712
9.02274
8.99241
9.03102
9.02172
9.03886
9.0317
9.03469
9.07384
9.06344
9.05529
9.03509
8.98933
8.96674
8.93406
8.94063
8.93037
8.95111
8.95234
8.95473
8.99732
9.00528
9.00299
9.01295
9.02142
9.02812
9.02175
9.04808
9.03932
9.02799
9.04086
9.05339
9.08365
9.06948
9.04968
9.04177
9.06954
9.10451
9.10354
9.11245
9.11498
9.12662
9.11836
9.11905
9.14708
9.13881
9.13266
9.11688
9.11285
9.09472
9.08884
9.07518
9.05709
9.05126
9.05663
9.04006
9.02709
9.06897
9.07985
9.1112
9.1027
9.08813
9.08115
9.07685
9.09359
9.08831
9.03681
9.00065
8.95146
8.95386
8.96092
8.95021
8.99125
8.99487
8.97623
8.98463
8.95531
8.99667
8.99602
9.0019
9.01415
8.98094
9.00354
9.00458
9.01727
9.02211
9.04808
9.00228
8.99812
8.96512
8.96382
8.98646
8.99852
8.97372
8.96301
8.98972
9.02809
8.98392
9.02644
9.04385
9.06379
9.07081
9.03366
9.03157
9.02436
9.0301
9.03036
9.01992
9.02641
9.0655
9.04959
9.08264
9.06911
9.0784
9.02516
9.02665
8.98999
9.00137
9.04705
9.09498
9.08883
9.08412
9.0739
9.10809
9.12519
9.09713
9.05475
9.09521
9.09829
9.04097
8.9991
8.99982
9.04329
9.02542
9.04187
9.01819
9.03939
9.01495
9.00505
8.95186
8.95859
8.92117
8.90659
8.90261
8.9456
8.93712
8.95588
8.9546
8.8696
8.84432
8.85008
8.84801
8.8071
8.78858
8.78954
8.76543
8.80518
8.78766
8.79001
8.82003
8.83496
8.84232
8.8319
8.81381
8.81061
8.82571
8.83939
8.85413
8.8608
8.88488
8.90324
8.94702
8.97821
8.97863
8.9716
8.99642
8.96634
8.96974
8.98614
9.01014
8.99718
8.98979
9.03335
9.05658
9.06987
9.14445
9.13479
9.16038
9.15713
9.17762
9.19857
9.15477
9.1627
9.16178
9.18169
9.18392
9.18022
9.18645
9.16181
9.14408
9.11333
9.0976
9.09057
9.05615
9.06881
9.02615
9.07355
9.06395
9.07957
9.06728
9.07624
9.09354
9.09548
9.09123
9.07036
9.03806
9.04108
9.06745
9.0646
9.05418
9.03701
9.08789
9.0942
9.14144
9.12953
9.13021
9.14861
9.1474
9.18727
9.2044
9.19909
9.21785
9.18667
9.22245
9.21724
9.24361
9.24237
9.24947
9.26109
9.26725
9.28178
9.27686
9.26475
9.27262
9.29485
9.28935
9.29773
9.26309
9.25339
9.26557
9.28779
9.27558
9.29163
9.30193
9.28906
9.29089
9.28276
9.29407
9.28425
9.27919
9.25414
9.25611
9.25478
9.25892
9.21859
9.22337
9.20223
9.18738
9.18739
9.19562
9.18839
9.18149
9.19104
9.2286
9.22023
9.22137
9.18632
9.189
9.19336
9.16573
9.14701
9.14657
9.08175
9.06214
9.083
9.09016
9.09303
9.08378
9.06136
9.05559
9.09638
9.05579
9.09627
9.05183
9.08321
9.0963
9.10191
9.07304
9.07296
9.06277
9.05782
9.04903
9.027
8.97782
8.98523
8.98476
8.97923
8.98637
8.99978
9.0439
9.05264
9.057
9.09501
9.08961
9.0607
9.05456
9.06185
9.05877
9.04443
9.06215
9.02754
9.06592
9.05822
9.09022
9.10117
9.05433
9.06601
9.1039
9.10817
9.09891
9.09464
9.08863
9.10878
9.11216
9.09929
9.09489
9.13891
9.09744
9.09596
9.07838
9.07081
9.05903
9.05049
9.06508
9.07049
9.09116
9.08456
9.09455
9.08196
9.07074
9.14864
9.14333
9.1307
9.12311
9.11965
9.13831
9.13556
9.09541
9.09452
9.10699
9.11612
9.126
9.13059
9.14696
9.15561
9.11441
9.10857
9.15162
9.14402
9.13848
9.14637
9.14716
9.1384
9.11976
9.12406
9.0924
9.08921
9.05209
9.0924
9.09093
9.02933
8.98617
9.00756
8.9984
8.97011
9.02204
9.01593
9.02048
9.02398
9.00858
8.95922
8.96553
8.96021
8.9372
8.8897
8.93229
8.93485
8.9387
8.9542
8.9533
8.95022
8.95781
8.98378
9.01439
9.02706
9.0509
9.05616
9.09124
9.09418
9.08831
9.11755
9.1653
9.16182
9.19198
9.19039
9.16053
9.16221
9.18848
9.19068
9.20864
9.24364
9.2498
9.25875
9.26144
9.26871
9.28338
9.29632
9.24692
9.2389
9.2562
9.27148
9.27284
9.271
9.21154
9.21064
9.166
9.17111
9.18187
9.17231
9.17762
9.16205
9.16078
9.15013
9.14924
9.17546
9.14654
9.16685
9.17429
9.17374
9.16144
9.16638
9.1703
9.16734
9.17725
9.2167
9.20267
9.18649
9.24591
9.25114
9.22698
9.21257
9.21286
9.20819
9.22653
9.22466
9.26717
9.25604
9.2444
9.26716
9.29693
9.32228
9.3252
9.33035
9.29488
9.3171
9.35401
9.31348
9.32623
9.31729
9.32529
9.32958
9.31168
9.29175
9.30175
9.30193
9.29039
9.29121
9.27629
9.26918
9.29166
9.2939
9.24855
9.25793
9.27649
9.28324
9.31878
9.31142
9.29297
9.26065
9.2104
9.17501
9.16772
9.16595
9.19605
9.17961
9.16477
9.18501
9.21152
9.20314
9.20071
9.20717
9.22216
9.22593
9.19355
9.199
9.25339
9.24129
9.22472
9.22546
9.20683
9.20636
9.29281
9.2771
9.28364
9.25944
9.16698
9.17892
9.19925
9.21894
9.24415
9.25477
9.25191
9.28669
9.27363
9.26033
9.26624
9.26699
9.23524
9.29077
9.27442
9.26191
9.24116
9.22169
9.256
9.25123
9.17234
9.18378
9.18871
9.18264
9.15013
9.13623
9.13776
9.13761
9.12813
9.10431
9.12215
9.12482
9.10771
9.10432
9.09544
9.10211
9.10347
9.06419
9.0819
9.09284
9.04778
9.05978
9.06296
9.01532
9.02845
9.04311
9.06394
9.09712
9.08467
9.08919
9.11169
9.1163
9.10984
9.10149
9.11298
9.12632
9.07129
9.0737
9.0718
9.06398
9.09487
9.08938
9.10809
9.1106
9.10863
9.10847
9.15099
9.11962
9.11443
9.12313
9.16453
9.15716
9.15017
9.17093
9.12785
9.13572
9.11143
9.1283
9.13434
9.08721
9.10319
9.06824
9.08468
9.1018
9.1268
9.11597
9.13316
9.13551
9.12616
9.1711
9.17041
9.17313
9.16439
9.17401
9.19589
9.20292
9.13183
9.17381
9.18824
9.15312
9.1509
9.11475
9.13562
9.11488
9.16445
9.15024
9.17283
9.16414
9.13689
9.18755
9.17817
9.17867
9.18086
9.1741
9.16848
9.17236
9.17285
9.17592
9.18012
9.178
9.18343
9.18495
9.19629
9.19364
9.13896
9.13871
9.17193
9.17536
9.14932
9.18305
9.18009
9.21038
9.19381
9.16193
9.16077
9.1315
9.12817
9.11555
9.12948
9.10548
9.1148
9.13089
9.1351
9.13569
9.14176
9.13934
9.13481
9.14994
9.1681
9.16992
9.15387
9.11976
9.08142
9.05218
9.08023
9.07811
9.04053
9.03116
9.05105
9.04647
9.04888
9.04669
9.06002
9.09341
9.0948
9.16379
9.13348
9.14201
9.14186
9.1548
